CurveFormat = 5;
TDelayRemovedTRF = -0.001;
SourceDesc = 'H(f) + Minimal phase';
%[Hz]    [V/A]    [deg]
Curve = [
46.875	5.03193998498383	3.65832741855341
48.33984375	5.03193998498383	3.79888115769393
49.072265625	5.03193998498383	3.8616260033576
49.8046875	5.03193998498384	3.94883393129993
51.26953125	5.03344799401575	4.12992467308851
52.001953125	5.03690766233805	4.1926053154774
53.466796875	5.03673134167091	4.31476473395298
54.19921875	5.03785974064413	4.43302469030923
55.6640625	5.04643387148447	4.56654044360746
56.396484375	5.04673095759737	4.60194303288971
57.861328125	5.04887457580692	4.76559581853714
58.59375	5.05190730585185	4.84590257489711
60.05859375	5.05487951875052	4.95828000535413
61.5234375	5.05835744832904	5.14042727275572
62.255859375	5.06300317627701	5.19719686285593
63.720703125	5.06679713457769	5.30803070887994
65.185546875	5.07210093613371	5.47388190778887
65.91796875	5.07699799834021	5.54975448570201
67.3828125	5.08389616989608	5.64509853052563
68.84765625	5.09037693882079	5.77123257710047
70.3125	5.09911973542357	5.83408461309934
71.77734375	5.10130760942336	5.88981378642704
73.2421875	5.10127200633553	5.99037186409609
74.70703125	5.1031221163554	6.11202226783226
76.171875	5.10502694483973	6.29689988953298
77.63671875	5.10918129506234	6.42923104194225
79.1015625	5.11975265939392	6.58333780288721
80.56640625	5.13106041035894	6.66877924668659
82.03125	5.13889630173757	6.70128479816211
83.49609375	5.13915293752909	6.73323437968813
84.9609375	5.13641267096921	6.84194463885053
87.158203125	5.1385352973673	7.1448754406989
88.623046875	5.15199559156601	7.32662600464272
90.087890625	5.16949154869904	7.38233426445048
92.28515625	5.17326562922629	7.30488913965403
93.75	5.16131660240572	7.40585043285267
95.21484375	5.15800993119904	7.70220407758566
97.412109375	5.19159930310002	8.04596519429705
99.609375	5.21212799919079	7.8332124301991
101.07421875	5.19293924494347	7.79342180507857
103.271484375	5.18079870787482	8.37882679896527
104.736328125	5.21636106043452	8.68144325025877
106.93359375	5.25396070782125	8.3060747209311
109.130859375	5.20091787497814	8.30950674026013
111.328125	5.21941658445061	9.22030702701792
113.525390625	5.29492346951128	8.95081457410015
114.990234375	5.26904206643727	8.51437017820362
117.1875	5.2129833139483	9.20190280427752
119.384765625	5.29343636193492	9.79338983036175
122.314453125	5.28999663035044	8.99307594272173
124.51171875	5.24923705247562	9.72739404664406
126.708984375	5.32945568541924	10.0823862469587
128.90625	5.33272540946273	9.7009392025745
131.103515625	5.29681372718902	9.90585451137097
134.033203125	5.34828107930161	10.5181564364738
136.23046875	5.36736961729062	10.1547811812614
139.16015625	5.32833551479622	10.5996316805029
141.357421875	5.38360818800827	10.9891365395797
144.287109375	5.38904614190124	10.5278036740882
146.484375	5.36346889877862	11.0502211149211
149.4140625	5.43721381460526	11.3078400361504
152.34375	5.40662706303905	11.0425708872143
155.2734375	5.43541421116996	11.8753729689486
158.203125	5.47700348090578	11.4043499348841
161.1328125	5.43448811289321	11.9404516520571
164.0625	5.51738824446985	12.1475876037446
166.9921875	5.48235999806727	11.8505592750405
169.921875	5.51536603395595	12.7277658221068
172.8515625	5.55624047528872	12.1745589241148
176.513671875	5.54846811695016	12.9291235914842
179.443359375	5.58231624043536	12.8295343111788
182.373046875	5.57581909524933	12.9393776407008
186.03515625	5.62139248308388	13.1865937762294
189.697265625	5.6223034570939	13.3245489799526
192.626953125	5.65619659565151	13.6258109405911
196.2890625	5.66271171799203	13.5793223651242
199.951171875	5.7046821618146	13.9441714226535
203.61328125	5.7151801904035	13.9396115297944
207.275390625	5.75514761490447	14.3308887476369
210.9375	5.75857626350421	14.2845724652253
215.33203125	5.81113023993954	14.5949111176886
218.994140625	5.80947155821488	14.6579933704662
222.65625	5.86632633373282	14.8595867205213
227.05078125	5.88598847140358	15.0251126645407
231.4453125	5.91020482351772	15.326599786475
235.107421875	5.95022229592579	15.2528597285484
239.501953125	5.98020216901354	15.6534625655547
243.896484375	6.00009144308017	15.5922142683307
248.291015625	6.05890815133533	15.842114030069
252.685546875	6.06724382031888	16.0469571046511
257.080078125	6.12091072473029	15.9753746395489
262.20703125	6.17193428052575	16.3421345026729
266.6015625	6.18070186059924	16.368089251436
271.728515625	6.24854240912354	16.3585565001602
276.85546875	6.30160697979798	16.6837961416133
281.25	6.28862669019003	16.6971020533859
286.376953125	6.38144503093563	16.4781203757709
291.50390625	6.44906945106744	17.061438272713
296.630859375	6.43897995652246	17.1879655205169
302.490234375	6.49086708213674	16.8469227988508
307.6171875	6.60277781599646	16.8478516520184
313.4765625	6.66549588520545	17.2950523240622
318.603515625	6.65162755274503	17.4001532563957
324.462890625	6.70094956607756	17.0024541756778
330.322265625	6.79424685623257	16.7644826602591
336.181640625	6.9030128408821	17.0638208446197
342.7734375	6.97084648617787	17.3117433660073
348.6328125	6.98686315154086	17.4738041553062
354.4921875	7.00006081532089	17.0943420421723
361.083984375	7.07154216134761	16.8054384494386
367.67578125	7.16129406651026	16.4422397975587
374.267578125	7.25783466729936	16.2726763835799
380.859375	7.35098512002749	16.1360392967973
387.451171875	7.43534837275193	16.2356160816972
394.775390625	7.51803490779452	15.9978301797837
402.099609375	7.59105411933165	15.7747078574818
408.69140625	7.66646107106744	15.6880921997787
416.015625	7.73832170147722	15.4162160655552
423.33984375	7.81337822931133	15.0489504058886
431.396484375	7.87517690913397	14.4613983969748
438.720703125	7.92995344213093	14.2305075788672
446.77734375	7.99636305959074	13.7876114800897
454.833984375	8.05807533606322	13.3602308876854
462.890625	8.11984962280278	12.9531121404165
470.947265625	8.18397152696471	12.5480706290265
479.736328125	8.27188881785935	12.0061719630436
487.79296875	8.32559880135095	11.4756431937223
496.58203125	8.37940355440355	11.0401020092143
505.37109375	8.45368920482259	10.5485451359243
514.16015625	8.52761720688648	9.87464387424254
523.681640625	8.57159437952913	9.04940628780242
533.203125	8.59282952496033	8.55736552589876
542.724609375	8.67543971279136	8.04842583349437
552.24609375	8.72528211806816	6.99076036127635
561.767578125	8.70270404483855	6.38488579837103
572.021484375	8.78817786880253	5.89893360133505
582.275390625	8.77523392582113	4.67289380446988
592.529296875	8.77880822712921	4.42339683789181
602.783203125	8.84633343908125	3.38545439119138
613.76953125	8.77451306682687	2.81252897050344
624.755859375	8.84094381021214	1.85848698110301
635.7421875	8.77056498692949	1.36991967966336
646.728515625	8.80304231103623	0.448436722191458
658.447265625	8.74298352797579	-0.0567008871065893
670.166015625	8.71644155426323	-1.05970462277133
681.884765625	8.70173803111343	-1.54853439541006
693.603515625	8.64210266116236	-2.18889655335238
706.0546875	8.60478343416674	-2.87317292857873
718.505859375	8.55899792739276	-3.39496581657929
730.95703125	8.50028412788963	-3.98694098863253
744.140625	8.45562606301714	-4.47478362450816
757.32421875	8.39244583651504	-4.93933729297858
770.5078125	8.32431184323601	-5.43449644667897
784.423828125	8.2545589973083	-5.9077743464863
798.33984375	8.19086179868375	-6.40286034280688
812.255859375	8.1347835841832	-6.79355082352564
826.904296875	8.07007867396884	-7.1363569943055
841.552734375	7.99795631638467	-7.44267388725575
856.201171875	7.9396238496209	-7.72346787976564
871.58203125	7.87064241253476	-7.8995668360399
886.962890625	7.81356646744374	-8.03157348688979
902.34375	7.7601055824249	-8.21171520935321
918.45703125	7.71248241474623	-8.40298228095253
934.5703125	7.64774341563241	-8.63675255792516
950.68359375	7.58783622139658	-8.71953886655561
967.529296875	7.5346389867524	-8.76556140409812
985.107421875	7.48337430315332	-8.8489924256057
1001.953125	7.43772900342092	-8.9025633656814
1019.53125	7.38452424034953	-8.99553318896485
1037.841796875	7.34252836232117	-8.94175609922708
1056.15234375	7.29145604540356	-9.03874671386168
1074.462890625	7.260994663615	-8.92370495102636
1093.505859375	7.20796008627106	-8.93634832774152
1113.28125	7.18432536693067	-8.98893313555253
1132.32421875	7.15121962243135	-8.82562363216277
1152.83203125	7.11503202111295	-8.79749978961067
1172.607421875	7.08919840955972	-8.8472872811069
1193.84765625	7.06477938898475	-8.76547284498901
1214.35546875	7.04651108578798	-8.72781969861329
1235.595703125	7.02482438772951	-8.68808662519092
1257.568359375	7.00525450789243	-8.66900702792435
1279.541015625	6.99009523060478	-8.64368857093491
1302.24609375	6.98199677847815	-8.61186591038056
1324.951171875	6.97533048173778	-8.61902216996969
1348.388671875	6.97781792072942	-8.72214862368842
1372.55859375	6.9797159330931	-8.88991904641913
1396.728515625	6.98756054825956	-9.30041551310918
1420.8984375	6.93108960487865	-9.90452446880222
1445.80078125	6.83865173424832	-9.85388159327665
1471.435546875	6.81417836441241	-9.63468035711131
1497.0703125	6.80086895447727	-9.5765141974085
1523.4375	6.78720689431602	-9.62270785729061
1550.537109375	6.77458321824212	-9.7730388567151
1577.63671875	6.76186561286273	-9.92683715226434
1605.46875	6.73865611491618	-10.0883316399372
1633.30078125	6.70870741900921	-10.2400949123386
1662.59765625	6.67986724406487	-10.4548070491649
1691.89453125	6.64621363050337	-10.6478877355793
1721.19140625	6.61085736677982	-10.8310646983994
1751.220703125	6.57241461745909	-11.0203308377541
1781.982421875	6.52877385446455	-11.180584989178
1813.4765625	6.48216860518656	-11.3506669478406
1845.703125	6.42739379354749	-11.4727306298282
1877.9296875	6.38022969167034	-11.5403301158786
1910.888671875	6.32345579360981	-11.6225520126337
1944.580078125	6.27055601170789	-11.6345152443896
1978.271484375	6.21602174370771	-11.6175210724917
2013.427734375	6.15817939746699	-11.5633087774188
2048.583984375	6.10439201056876	-11.449288852446
2084.47265625	6.05101896060275	-11.31327532786
2121.09375	5.99956082331447	-11.1489917264197
2158.447265625	5.94999010631282	-10.9582723141364
2196.533203125	5.90058033556082	-10.7392652148009
2234.619140625	5.8553765238988	-10.478460258271
2274.169921875	5.81173654678996	-10.2025280043884
2313.720703125	5.77276935083743	-9.8901286576095
2354.736328125	5.73246062726186	-9.57633769514044
2395.751953125	5.69812187998928	-9.25069722873223
2438.232421875	5.66592050885694	-8.88805239634324
2480.712890625	5.63617251064433	-8.540784833934
2523.92578125	5.60807408960584	-8.17793524875013
2568.603515625	5.58186175064711	-7.80234981682047
2613.28125	5.55920737774163	-7.43046279831636
2659.423828125	5.53922573241599	-7.05640383185753
2706.298828125	5.51894107700348	-6.68772709949988
2753.173828125	5.50133231727935	-6.31192974836705
2801.513671875	5.48658576102905	-5.93312134489144
2850.5859375	5.47161908588207	-5.55773737721472
2901.123046875	5.45917198669767	-5.18425865343925
2951.66015625	5.44798743582746	-4.81871414120521
3003.662109375	5.43819683841167	-4.45258647824286
3056.396484375	5.42943443430825	-4.0809704874777
3109.86328125	5.42456704254474	-3.70735239669053
3164.0625	5.42017725977662	-3.37171806342913
3219.7265625	5.41580042967218	-3.04354960351993
3276.123046875	5.41129818778316	-2.71733684609945
3333.251953125	5.40746302912299	-2.39247644165623
3391.845703125	5.40442381378475	-2.06199765211199
3451.171875	5.40280690424003	-1.73583695340379
3511.962890625	5.40170318847118	-1.4165264822574
3573.486328125	5.40117896589861	-1.09927518263251
3635.7421875	5.40129532694187	-0.80204656535092
3699.462890625	5.40198280793149	-0.494498370105176
3764.6484375	5.40278231190448	-0.195195877047793
3830.56640625	5.40378530762332	0.104153247586412
3897.94921875	5.40614846658563	0.400708880587993
3966.064453125	5.40828115186008	0.681845062570179
4035.64453125	5.41071956925043	0.975490628325141
4105.95703125	5.41483911331136	1.26241063232511
4177.734375	5.41781032865925	1.53838123921588
4250.9765625	5.42108202087231	1.82275873349203
4325.68359375	5.42583879813286	2.10707949716494
4401.123046875	5.43095048011065	2.37444278155045
4478.759765625	5.43556472719014	2.65287860324317
4557.12890625	5.4409700486551	2.93104291665067
4636.962890625	5.44726203014038	3.20968520317605
4718.26171875	5.45521778609116	3.47922006092597
4800.29296875	5.46240395589895	3.72918240290104
4884.521484375	5.46850019769777	3.98299429305843
4970.21484375	5.47510367331349	4.25061542642116
5057.373046875	5.48260437184515	4.51773178147619
5145.99609375	5.49042046257183	4.78207337737405
5236.083984375	5.49873181180636	5.05419417264506
5327.63671875	5.50891568010056	5.3212831110963
5420.654296875	5.51883132289955	5.5684949698966
5515.869140625	5.52895235950519	5.83064297905181
5612.548828125	5.53992100958196	6.08381953447505
5710.693359375	5.55043743335579	6.34021646614916
5810.302734375	5.56273164485914	6.59747455148937
5912.109375	5.57530249411478	6.84257406693637
6016.11328125	5.5879530690485	7.09173591060302
6120.849609375	5.60107920775825	7.33626041627663
6228.515625	5.61516955238159	7.57811851740904
6336.9140625	5.62922353744413	7.8122012843687
6448.2421875	5.64375037005499	8.05148721269492
6561.03515625	5.65904193692335	8.28359627835922
6676.025390625	5.67407076326835	8.51231260987991
6792.48046875	5.68938754036283	8.74056652456258
6911.865234375	5.70565354504428	8.96295565198074
7032.71484375	5.72177047587361	9.18759994494255
7155.76171875	5.73870226924871	9.40828786858549
7281.005859375	5.75533076331388	9.63434641130098
7408.447265625	5.77369002517784	9.85654757624777
7538.0859375	5.79218174178071	10.066233057213
7669.921875	5.80994079737527	10.2786439445639
7803.955078125	5.82955653605535	10.4957563262079
7940.91796875	5.84968738906235	10.6983985700376
8079.345703125	5.86841937966146	10.9057026494174
8220.703125	5.88906183983612	11.1144067932131
8364.990234375	5.91012368124521	11.3155777724343
8511.474609375	5.93181974774569	11.5148852233704
8660.15625	5.95354202296409	11.7051457929563
8811.767578125	5.97543310015071	11.9040964569388
8965.576171875	5.9981139306939	12.0939036932269
9123.046875	6.02101484243786	12.28553489679
9282.71484375	6.04487337839403	12.4797792753542
9444.580078125	6.06985711699986	12.6605974699779
9610.107421875	6.0941323001994	12.837539639398
9777.83203125	6.11910603393323	13.0230627140675
9949.21875	6.14532403030301	13.1974492937415
10123.53515625	6.17147131592705	13.3698166518296
10300.78125	6.1989618059324	13.5388280565814
10480.95703125	6.22605782126934	13.6983379815249
10664.0625	6.25269075641941	13.8713704159924
10850.830078125	6.28206647558893	14.0329270406486
11040.52734375	6.31060788829466	14.1855203556799
11233.154296875	6.34039233671721	14.3426319549739
11430.17578125	6.37119532515861	14.4915000464416
11630.126953125	6.40169032959205	14.6296995480318
11833.740234375	6.43242231502987	14.7748789706033
12040.283203125	6.46419594208586	14.9181784170377
12251.220703125	6.49604801398724	15.056567798832
12465.087890625	6.52927018064826	15.1948315479857
12683.349609375	6.56363482137284	15.3187695464928
12905.2734375	6.59721483291811	15.4486040954486
13130.859375	6.63355652203637	15.5741238573294
13360.83984375	6.67016246934962	15.6823333762643
13594.482421875	6.70733257014258	15.7927610016879
13831.787109375	6.74507850031764	15.8892539496588
14074.21875	6.78368274962389	15.9771552205573
14320.3125	6.8215419132085	16.0513175515425
14570.80078125	6.85981591678172	16.1235946368369
14825.68359375	6.89679483972832	16.1824510313311
15084.9609375	6.93380422968722	16.260389920743
15348.6328125	6.9714792797999	16.325938214185
15617.431640625	7.0087221177944	16.3940743846877
15889.892578125	7.04702148197212	16.4736894428273
16168.212890625	7.0866327207169	16.5530223705119
16450.927734375	7.12786247093873	16.6321187424002
16738.76953125	7.17094601253193	16.7061793114901
17031.73828125	7.21437038414249	16.7650015477433
17329.1015625	7.25912165733107	16.8187268383881
17632.32421875	7.30482718282095	16.8662638695834
17940.673828125	7.35112986145499	16.906455911093
18254.150390625	7.39709840081645	16.9426349565434
18573.486328125	7.44463587309684	16.9856091965869
18898.681640625	7.49441875331834	17.0022194492518
19229.00390625	7.54402322192506	17.0235600467174
19565.185546875	7.59523014661528	17.029165050237
19907.2265625	7.64544225224263	17.0321637121222
20255.859375	7.69788415156438	17.0323160372378
20609.619140625	7.75031632862074	17.0331796015226
20969.970703125	7.80524875657964	17.0286841190641
21336.9140625	7.86149082662654	17.0161162937179
21709.716796875	7.91917479953808	16.9948764766243
22089.84375	7.97887215441033	16.9691623176993
22475.830078125	8.04166324904187	16.9416806380442
22869.140625	8.10711046450577	16.8940478367735
23269.04296875	8.17601893977703	16.8360844772252
23675.537109375	8.25089785896166	16.73725298303
24089.35546875	8.32874910175295	16.5903115140544
24511.23046875	8.40512527739197	16.3693260531809
24939.697265625	8.47431604225342	16.1119508151687
25375.48828125	8.53819224320537	15.8616443200546
25819.3359375	8.60705580203629	15.6303823500381
26270.5078125	8.68387638789353	15.3360156181816
26730.46875	8.75887195307026	14.8575581829636
27197.75390625	8.79223230157118	14.22246211214
27673.095703125	8.76990806410501	13.8348117167699
28157.2265625	8.76609469863949	13.8814270450137
28649.4140625	8.81067631143935	13.9514480323117
29150.390625	8.8676145496751	13.9097283069849
29660.15625	8.92915849951266	13.827845584314
30178.7109375	8.9962604667192	13.7243020273024
30706.0546875	9.06834549856511	13.5801548075358
31242.919921875	9.14283863480379	13.3830112482478
31789.306640625	9.21572886411029	13.1598632964866
32345.21484375	9.29259682775169	12.9246238745932
32910.64453125	9.37284792254586	12.6503981020248
33486.328125	9.45288117899873	12.353747631255
34071.533203125	9.5361448135483	12.0297934915649
34666.9921875	9.62385204561922	11.6588215615138
35273.4375	9.71215997311276	11.2421826332808
35890.13671875	9.80410674771015	10.7589789718732
36517.822265625	9.89175024374059	10.1700291819751
37156.494140625	9.95738783398064	9.54544332931037
37806.15234375	10.0257576276443	9.01654010916937
38466.796875	10.1122511264895	8.41536685632432
39139.16015625	10.2008180938037	7.61946299861966
39823.974609375	10.2449705923951	6.56955940557566
40519.775390625	10.2292435186841	5.69885383584424
41228.02734375	10.2252060640677	5.07934468058811
41949.462890625	10.2252060640676	4.45353995122004
42682.6171875	10.2252060640677	3.85167336206392
43428.955078125	10.2252060640675	3.26856512541752];

Data_Format = 'Ampl_Phase';
Data_Domain = 'Frequency';
Data_AbscUnit = 'Hz';
Data_BaseUnit = 'Ohm';
Data_xScale = 1;
Data_vScale = 1;
Data_LevelType = 'Impedance10';
