CurveFormat = 6;
TDelayRemovedTRF = -0.000958333333333333;
SourceDesc = 'Fundamental + Minimal phase';
%[Hz]    dB-[V]    [deg]
Curve = [
46.875	41.9535111731879	63.9799967140703
48.33984375	41.9535111731881	65.5654243160083
49.072265625	41.9535111731879	68.4086276695435
49.8046875	41.9535111731876	63.1755399373099
51.26953125	40.5012618859189	76.5793459882825
52.001953125	40.5532879667702	85.0013423708123
53.466796875	42.0025361098518	80.635650776799
54.19921875	41.636380448235	86.5148296793033
55.6640625	42.9680825562089	94.0065053582557
56.396484375	42.9608544472176	91.7496008041258
57.861328125	42.686258498739	93.5470686473191
58.59375	43.7059197346615	99.5925031681305
60.05859375	43.9069136718332	101.907142402027
61.5234375	44.3642407673492	104.405079360277
62.255859375	44.8108224138849	100.610456352463
63.720703125	45.2153454018274	101.770258464103
65.185546875	45.3688589379173	108.138895930264
65.91796875	46.0337221234415	111.688601064573
67.3828125	46.4969877988145	105.911330443987
68.84765625	47.0111691353589	109.326338431957
70.3125	47.3859407620268	103.21066840515
71.77734375	47.1339167048112	107.748468725159
73.2421875	47.3499349110939	106.386044866312
74.70703125	47.0462867258922	105.947055130839
76.171875	47.4635060057632	108.77273352738
77.63671875	48.1043067453598	111.81585369249
79.1015625	48.2390094410341	111.674555439716
80.56640625	48.6157212808397	111.050446106945
82.03125	48.7664522418536	112.420183527143
83.49609375	48.8911826767541	112.87912764457
84.9609375	49.1034588965073	113.73359131089
87.158203125	49.3647952750082	115.635050562086
88.623046875	49.3426833028119	116.563927497867
90.087890625	49.444743540685	119.219350363608
92.28515625	50.1935729663471	123.159912680836
93.75	50.4367243134085	120.923427092229
95.21484375	50.4225459124056	121.46564333445
97.412109375	51.2142228451576	127.56128648659
99.609375	51.5606131765476	125.330660841281
101.07421875	51.4274165724252	126.102169435179
103.271484375	51.9827067037972	127.329525336647
104.736328125	52.1876699835272	129.258085483232
106.93359375	52.8108016569399	131.294492725221
109.130859375	53.3178400093427	129.101049886234
111.328125	53.0571134890264	130.838004066254
113.525390625	53.7122865143754	136.251787951168
114.990234375	54.3716222375993	133.579075657325
117.1875	54.4451061126369	131.273588506927
119.384765625	54.6119415558549	135.092970692746
122.314453125	55.418100657391	134.43337518293
124.51171875	55.2984021877446	133.314052109902
126.708984375	55.6332085588494	137.523951012257
128.90625	56.2616536591324	137.555446073495
131.103515625	56.4768174727977	135.988663871696
134.033203125	56.6596677240974	138.27433685963
136.23046875	57.3020508850389	138.733461140849
139.16015625	57.4902101490149	137.278068303987
141.357421875	57.6921060922364	138.981142167509
144.287109375	58.3655426664079	138.393112875788
146.484375	58.3795432117641	138.152813632727
149.4140625	58.8068093954581	140.483717925135
152.34375	59.2465444716566	138.401779849853
155.2734375	59.1968626248319	140.078058850632
158.203125	59.8663776254199	141.03948372689
161.1328125	59.9208530879478	139.810579112485
164.0625	60.2543321899939	142.594559346384
166.9921875	60.780592098754	141.343939180638
169.921875	60.8738236106856	143.029944215094
172.8515625	61.5996914940225	143.375460627184
176.513671875	61.8593523479489	142.773033315563
179.443359375	62.2480690444977	142.998781343779
182.373046875	62.5005711706927	142.114774572898
186.03515625	62.8508521187469	142.656114599037
189.697265625	63.1718154064624	142.179990232342
192.626953125	63.3892464420091	143.092680442261
196.2890625	63.8124031599913	142.616941724247
199.951171875	64.1237768588397	143.296228655463
203.61328125	64.5477960103217	142.932361202473
207.275390625	64.829753738976	143.451484947124
210.9375	65.2327013793073	142.64487931229
215.33203125	65.6019093637607	143.090132040185
218.994140625	65.9376386447951	142.314507164068
222.65625	66.2592554211725	142.715562184359
227.05078125	66.6201600594996	142.031690387943
231.4453125	66.8580716586335	141.986901705016
235.107421875	67.2153664605132	142.11359461423
239.501953125	67.5159873146116	142.353248254373
243.896484375	67.9523172133974	141.564616666674
248.291015625	68.2891133067132	141.75712517268
252.685546875	68.5739455307809	140.84261267913
257.080078125	68.9448388936217	140.506947537954
262.20703125	69.2353866049679	140.58774231933
266.6015625	69.5172553942293	139.826806244469
271.728515625	69.931262952789	140.005420388101
276.85546875	70.2559875541807	140.116747781478
281.25	70.5417132390948	138.934343508303
286.376953125	71.0461462142354	139.088048984052
291.50390625	71.309657573742	139.153804216179
296.630859375	71.5836332699869	137.743157755308
302.490234375	72.0640157395786	136.746326681997
307.6171875	72.4796777212313	136.907975861477
313.4765625	72.7897992869304	136.227992422646
318.603515625	73.0189049324922	134.437681791287
324.462890625	73.4300567780117	132.74581320134
330.322265625	73.7816893192647	131.25778636782
336.181640625	73.8547296562307	130.712263079897
342.7734375	73.8539389396261	130.934004570727
348.6328125	74.0161614562163	131.479523202729
354.4921875	74.416247941109	131.025252198139
361.083984375	74.8683144938169	130.497018430618
367.67578125	75.2952581785771	129.797376002098
374.267578125	75.6546395850453	129.378444712543
380.859375	76.0514963131265	129.024891085318
387.451171875	76.3856050630843	128.601984743545
394.775390625	76.816349483116	127.175494148238
402.099609375	77.1143106471455	125.313324403457
408.69140625	77.2869451892653	124.309198622204
416.015625	77.5411168319488	123.595755493248
423.33984375	77.8992311852814	122.751438797872
431.396484375	78.3520154429715	120.74510405735
438.720703125	78.5918529281339	118.535558945612
446.77734375	78.7100791271877	115.98375049856
454.833984375	78.6745721536595	114.59593871671
462.890625	78.708566711373	114.961908910405
470.947265625	79.0025446380538	115.623154208118
479.736328125	79.5207826320404	114.914052667822
487.79296875	79.8571666507828	112.941768301125
496.58203125	80.0199295857362	110.674796568546
505.37109375	80.097768677555	109.302284397698
514.16015625	80.1975643108908	108.602489106568
523.681640625	80.3611021619957	108.152393053481
533.203125	80.5575072607008	108.024428915526
542.724609375	80.8847631124347	108.005467959941
552.24609375	81.2856591729772	106.719941321501
561.767578125	81.4649479005714	105.399912748329
572.021484375	81.8815560830215	105.184874686586
582.275390625	82.3478562751104	101.912947752506
592.529296875	82.4426649089531	99.422133410258
602.783203125	82.5582747594795	97.1849291643586
613.76953125	82.4557289052241	95.5270003225506
624.755859375	82.5493949722041	95.3428615538352
635.7421875	82.7284329008261	95.2615190597898
646.728515625	83.0934319050203	94.0260738844282
658.447265625	83.2630273917357	92.0275226447267
670.166015625	83.4235575582528	89.9888429493256
681.884765625	83.5012984850664	88.511078419551
693.603515625	83.5569560238657	87.4445647576917
706.0546875	83.7395529368875	86.2574990615306
718.505859375	83.8841420312815	84.3105958267504
730.95703125	83.8630051140642	82.2141058788326
744.140625	83.7820257710575	81.2326638807364
757.32421875	83.7613780023546	80.7201587710575
770.5078125	83.7686194199668	80.0481856931159
784.423828125	83.6280288142761	79.9614810457895
798.33984375	83.8148893132514	81.3851436305717
812.255859375	84.2183977438496	80.7651773019692
826.904296875	84.3449556869945	79.9065059673254
841.552734375	84.6019453825966	79.3796458901577
856.201171875	84.8307929555204	77.7492340316207
871.58203125	84.8789191403366	76.31639955699
886.962890625	84.9774993033953	75.8982818422399
902.34375	85.1873089618483	75.1930955544912
918.45703125	85.4103082879577	73.6627440191439
934.5703125	85.5084788427908	71.8580539117629
950.68359375	85.5936078581643	70.6693342990339
967.529296875	85.7243235427362	68.7183011096218
985.107421875	85.6704043406912	65.976981887575
1001.953125	85.3679527673042	64.214128031352
1019.53125	85.0065399494029	65.8473393984672
1037.841796875	85.2634247676232	67.3130086736094
1056.15234375	85.2783420911717	65.5292523570057
1074.462890625	85.074506302708	66.3414960824717
1093.505859375	85.1654448731482	68.278778070994
1113.28125	85.4187412488733	68.9967681082564
1132.32421875	85.5985823565359	69.7996010725148
1152.83203125	85.9260592744363	70.5575869596201
1172.607421875	86.3137555651891	70.214260526995
1193.84765625	86.588309087921	69.1044085240253
1214.35546875	86.7799001679364	68.6972556940827
1235.595703125	87.0264021303127	68.0010087142823
1257.568359375	87.3096558804455	67.3603233478964
1279.541015625	87.5687775577049	66.0745689214164
1302.24609375	87.6623876540362	64.8653113611944
1324.951171875	87.7041161103269	64.5111568228888
1348.388671875	87.8858145599349	65.2363580151773
1372.55859375	88.285878143617	65.9947311550552
1396.728515625	88.9032685783323	65.2232347089259
1420.8984375	89.3221890236205	62.0136477506808
1445.80078125	89.431632038723	59.8270607010184
1471.435546875	89.6324389379747	59.1440918360727
1497.0703125	90.1136341371536	56.7091574110228
1523.4375	90.2253561580067	52.9290767602568
1550.537109375	90.193676255249	51.3870203944304
1577.63671875	90.3175462137304	49.9738684522218
1605.46875	90.4786120685448	48.1788667576794
1633.30078125	90.622653168162	46.8067515484289
1662.59765625	90.8711040887288	44.328481128403
1691.89453125	90.8376115745162	41.9314317835274
1721.19140625	91.1017236885213	40.7841952140036
1751.220703125	91.2133072102592	36.6634870847944
1781.982421875	90.9220800015061	34.4663848815823
1813.4765625	90.8471024020303	34.0385012443034
1845.703125	91.0357947360303	33.1590412714813
1877.9296875	91.1839531393373	30.9261502222763
1910.888671875	91.263935981415	28.5930409053612
1944.580078125	91.3813899825289	26.7173297929734
1978.271484375	91.5435222921134	22.7822594540099
2013.427734375	91.1799604736596	18.3689336320753
2048.583984375	90.8272194038048	16.5372379984182
2084.47265625	90.532948602071	15.4206034798552
2121.09375	90.3313722179176	15.0253131172371
2158.447265625	90.3048467643743	14.792497361089
2196.533203125	90.5075869188	12.2158337091158
2234.619140625	90.1846377252305	7.16204091520359
2274.169921875	89.3996968548974	6.2075145370333
2313.720703125	88.882595121067	7.3369717490252
2354.736328125	88.4377289182182	8.16029166770681
2395.751953125	88.2121742893201	11.7056887543233
2438.232421875	88.3213496223849	13.6702017289279
2480.712890625	88.3352454092138	14.5880219251763
2523.92578125	88.7104314109248	15.8491595954034
2568.603515625	88.9363739928812	15.0503889849044
2613.28125	88.8434304497317	13.5171564666143
2659.423828125	88.8247587593092	13.9201353052179
2706.298828125	88.9679860459023	15.2600845820726
2753.173828125	89.3171773950735	15.2707123064486
2801.513671875	89.6900240428516	12.2894521608921
2850.5859375	89.6499187070955	8.96377837145691
2901.123046875	89.1734115746882	6.88399718101649
2951.66015625	88.6777847370515	8.14317894560189
3003.662109375	88.7471236194266	11.7096340008637
3056.396484375	89.3561780030147	12.8935412941393
3109.86328125	89.8409040086279	9.77018918360396
3164.0625	89.8013466001202	6.91678116065687
3219.7265625	89.682736938766	5.36407813064327
3276.123046875	89.4956602498481	4.29378990804189
3333.251953125	89.4585211340705	3.67369667832403
3391.845703125	89.4548574527987	2.00972047796999
3451.171875	89.2308422502703	-0.990857323644298
3511.962890625	88.5549826986513	-1.96819823723593
3573.486328125	87.9812252003404	1.62858085205331
3635.7421875	88.1598921546152	9.00824025254263
3699.462890625	89.3725954610725	10.9514855901267
3764.6484375	89.8546689633975	5.67228190300952
3830.56640625	89.4996372640577	3.83409454781022
3897.94921875	89.7706867003821	6.195018430936
3966.064453125	90.5025754180296	3.60051146970704
4035.64453125	90.5814473199344	-2.34307778437842
4105.95703125	89.9600931271571	-5.76875295928501
4177.734375	89.5488026352602	-3.58691852465774
4250.9765625	89.765356865701	-2.41191636698907
4325.68359375	89.9959733317588	-3.20115644835556
4401.123046875	90.2034435533631	-4.56757760309457
4478.759765625	90.3786823897137	-7.21758992320197
4557.12890625	90.2912259150957	-11.0707665729722
4636.962890625	89.8369571160776	-12.9712307218319
4718.26171875	89.5513189493362	-13.3068216188445
4800.29296875	89.0952341200211	-14.0146995280187
4884.521484375	88.676978983548	-9.31027330789344
4970.21484375	89.4268985571863	-5.01546638262112
5057.373046875	90.2374138420153	-8.34387765887925
5145.99609375	90.2413737676413	-11.6357303970015
5236.083984375	90.5393832888257	-12.5509870743415
5327.63671875	90.7999343682499	-18.4399248074246
5420.654296875	90.0968973827679	-22.6483198224587
5515.869140625	89.752163859805	-20.7747046660812
5612.548828125	90.0527075202746	-22.6334989836002
5710.693359375	89.6426354034417	-25.4649244320957
5810.302734375	89.5808303398576	-25.4168129069463
5912.109375	89.4780987963877	-29.5565858264516
6016.11328125	88.5842254148138	-30.1699835534629
6120.849609375	88.3822120926291	-26.802595952457
6228.515625	88.5126573217678	-25.8158925224687
6336.9140625	88.8062111267835	-26.2723419287819
6448.2421875	88.8250953767931	-29.6637429517224
6561.03515625	88.4460834306173	-32.1489720910683
6676.025390625	87.8682680491879	-33.0671299849947
6792.48046875	87.4131018144676	-30.2413387715841
6911.865234375	87.6772559803609	-28.6066038208951
7032.71484375	87.6430939684249	-29.8937958661362
7155.76171875	87.490319376602	-30.0261326203742
7281.005859375	87.0244303603662	-30.0958214104202
7408.447265625	86.9907699035268	-24.3670731171998
7538.0859375	87.725468454769	-23.320722053227
7669.921875	87.9380543719476	-24.3907362246762
7803.955078125	88.1041513114794	-26.2108620735734
7940.91796875	87.9655955320407	-25.660846984739
8079.345703125	88.4864458724186	-24.9080814575619
8220.703125	89.0005286677455	-27.8401542665108
8364.990234375	89.3038713949141	-32.0388197501778
8511.474609375	89.0780655471997	-35.7270171730611
8660.15625	88.9308763242863	-36.9811845584812
8811.767578125	88.9890774013979	-39.5128613935638
8965.576171875	88.8438518875851	-43.0361683355395
9123.046875	88.4172388939297	-46.0432108234111
9282.71484375	87.9764372502263	-46.5686345502111
9444.580078125	87.870878058679	-46.4877452456224
9610.107421875	87.9239716633281	-48.1116503882849
9777.83203125	87.6266776525018	-51.4275194933667
9949.21875	86.9996931079062	-52.225779407015
10123.53515625	86.6515899283044	-51.5040046579265
10300.78125	86.3811178334507	-50.7097818176624
10480.95703125	86.1586819651259	-49.322310913825
10664.0625	86.2130093112786	-47.5454849109725
10850.830078125	86.5001222515939	-48.1110670397733
11040.52734375	86.38528246308	-50.5557718904217
11233.154296875	86.0395923213938	-50.2383148313922
11430.17578125	86.130001361168	-48.6154240248931
11630.126953125	86.3366983749573	-48.4077500095708
11833.740234375	86.6372076241398	-48.6452963811569
12040.283203125	87.0586697034282	-51.0919625872604
12251.220703125	87.1037150752025	-55.5809918162973
12465.087890625	86.8148486105639	-58.7803882223378
12683.349609375	86.6180585846105	-60.0433835317504
12905.2734375	86.4861524138363	-61.6320596707819
13130.859375	86.3481686719261	-63.1958341606054
13360.83984375	86.3133661231371	-65.1022376337634
13594.482421875	86.1998453115171	-67.8906722064388
13831.787109375	85.9916909344333	-70.2334778497564
14074.21875	85.7987859801023	-72.4603896686115
14320.3125	85.5255171337305	-74.1904585269629
14570.80078125	85.3208798123352	-74.9870357997052
14825.68359375	85.268945563987	-75.9489566468122
15084.9609375	85.3950171768694	-77.8879297110283
15348.6328125	85.4226123860466	-81.6633033146471
15617.431640625	85.4289531886275	-85.694689266132
15889.892578125	85.4336856591341	-91.2428465819109
16168.212890625	85.2293393670488	-97.8403353875292
16450.927734375	84.7253228474985	-105.907757206583
16738.76953125	83.8427841125221	-113.268142462675
17031.73828125	82.7646421535261	-120.054908551832
17329.1015625	81.4182073850623	-125.850783408298
17632.32421875	79.9308292949751	-130.532994185899
17940.673828125	78.2708099653073	-133.655522204165
18254.150390625	76.597903265813	-136.239411263525
18573.486328125	74.5968550757324	-137.962889386462
18898.681640625	72.2981402482585	-137.619413318027
19229.00390625	69.7990490143593	-131.075655978077
19565.185546875	68.265121914983	-123.15483363278
19907.2265625	66.460887072365	-118.380314110107
20255.859375	64.3147258198498	-112.269816500866
20609.619140625	59.9245706285595	-105.156066333139
20969.970703125	55.9021921621749	-51.9661748811109
21336.9140625	61.8870278662075	-1.32579608844898
21709.716796875	66.6929488419419	-5.76469933567558
22089.84375	68.6293229084234	-12.7895430498658
22475.830078125	69.6152781979965	-20.0103426193117
22869.140625	69.2272618486322	-26.7184579400725
23269.04296875	67.6365637877477	-27.8796430221101
23675.537109375	65.9006811421863	-8.41171191478592
24089.35546875	68.5539453529317	15.1438783440155
24511.23046875	71.8644334673064	9.99707534040577
24939.697265625	72.8310373175777	-0.70592535749998
25375.48828125	72.2584478791435	-7.11643760896767
25819.3359375	71.675060297423	-4.61146309286493
26270.5078125	71.8085446623249	2.33015975779603
26730.46875	72.9025906594275	5.81782823374755
27197.75390625	74.5665729930868	2.12607829471477
27673.095703125	74.8696190008805	-11.8740899525566
28157.2265625	73.0415788184946	-22.5851035183085
28649.4140625	69.292174873607	-25.9859402033548
29150.390625	65.9123210165757	14.6137735213384
29660.15625	71.1976143994727	51.6241248314066
30178.7109375	75.6782453506158	41.5425185422942
30706.0546875	78.0933459440751	29.4061669085351
31242.919921875	79.0375003873424	6.43280892319013
31789.306640625	76.2719536999236	-9.54934339063531
32345.21484375	73.4505224271752	2.85397763372859
32910.64453125	74.1992274227959	22.1155610109714
33486.328125	76.6612771165054	28.4937350570463
34071.533203125	79.0121146834473	23.0178896280868
34666.9921875	80.1802554032718	5.57477153100115
35273.4375	78.6949227501378	2.22330649202478
35890.13671875	79.5836708856697	-2.5221700524834
36517.822265625	78.6450024862628	-18.8799906487111
37156.494140625	75.9021054875472	-35.3269665554842
37806.15234375	72.375647344218	14.1630336676549
38466.796875	80.6022775851624	33.4299206928702
39139.16015625	82.457607413626	-7.51588145543972
39823.974609375	79.499122057652	-31.3604556436509
40519.775390625	75.6874887548641	-22.9450541300161
41228.02734375	75.6411635500835	-13.5432798904058
41949.462890625	75.6411635500832	-9.94995981738233
42682.6171875	75.6411635500832	-7.71716996610927
43428.955078125	75.6411635500831	-6.08442913243457];

Data_Format = 'LeveldB_Phase';
Data_Domain = 'Frequency';
Data_AbscUnit = 'Hz';
Data_BaseUnit = 'V';
Data_xScale = 1;
Data_vScale = 1;
