CurveFormat = 6;
TDelayRemovedTRF = -0.000958333333333333;
SourceDesc = 'Fundamental + Minimal phase';
%[Hz]    dB-[V]    [deg]
Curve = [
46.875	40.8860169655052	71.6062663585257
48.33984375	40.8860169655055	75.2360559216149
49.072265625	40.8860169655059	79.0835890147054
49.8046875	40.8860169655055	79.2138526002006
51.26953125	41.6301812686881	89.5933043203422
52.001953125	42.3522407459451	89.9260457432347
53.466796875	41.6302091453578	81.7474508927132
54.19921875	41.0527142215813	89.4502632323829
55.6640625	42.7363237059625	92.093084059555
56.396484375	41.9074310043526	92.081045618025
57.861328125	41.5922666763946	107.098668620176
58.59375	43.3373507258652	108.956142170198
60.05859375	44.130954921584	109.671754244742
61.5234375	44.6061148596246	103.631528899738
62.255859375	44.0308835896444	105.212946385761
63.720703125	44.7038593475503	114.50772109927
65.185546875	45.3325967010287	113.307959070536
65.91796875	46.2923749538616	114.368408922599
67.3828125	46.8531434292929	106.679765848649
68.84765625	46.1241927118803	114.429067001126
70.3125	47.5112414574075	115.275407818025
71.77734375	47.2095635325258	118.218835349024
73.2421875	48.8145956699777	118.027097360288
74.70703125	48.6092520746235	106.173702327602
76.171875	47.5417791148718	109.257755508337
77.63671875	47.6552624581324	110.169290721498
79.1015625	47.2152781013861	112.74444457137
80.56640625	47.5358838799352	117.882858972943
82.03125	48.2194231382798	123.054143114194
83.49609375	48.8175900373642	121.799991896588
84.9609375	49.1771842094246	121.389185705961
87.158203125	49.4257598578826	123.640669388231
88.623046875	49.6473121543161	126.023172760757
90.087890625	50.1559190511928	126.290442373146
92.28515625	50.6204900682327	126.005858819159
93.75	50.9502289369124	125.232726298205
95.21484375	50.9442717262549	124.215181418934
97.412109375	50.5749112209991	128.858992414471
99.609375	51.1631893521155	132.934478220608
101.07421875	51.7237961089855	132.602740012223
103.271484375	52.3497040198255	132.851252069361
104.736328125	52.5328704472475	133.93165941082
106.93359375	53.0097961386584	134.976164056071
109.130859375	53.3174293620047	133.66682233037
111.328125	53.3134053436636	136.337652082121
113.525390625	54.0452947968687	138.736919885119
114.990234375	54.4403075334061	137.227303038688
117.1875	54.375266150626	137.053608948394
119.384765625	54.8392674681492	141.10436914186
122.314453125	55.7245203578689	137.808522797884
124.51171875	55.5098586491485	137.379867858762
126.708984375	55.9465797007524	141.700370970547
128.90625	56.4938543636967	141.603902182339
131.103515625	56.7453005761011	139.480597606553
134.033203125	56.921301391177	142.192249454859
136.23046875	57.545188909717	142.710140471524
139.16015625	57.6967726705391	140.826125073428
141.357421875	57.8851673283957	142.787914197423
144.287109375	58.6090880403157	142.608438311797
146.484375	58.6034914701973	141.865764014683
149.4140625	58.9954545453121	144.585917879528
152.34375	59.5055291258805	142.80296618294
155.2734375	59.4614555896053	144.008553724327
158.203125	60.1414017243862	145.079893514452
161.1328125	60.2632359930826	144.178441676172
164.0625	60.7050539201898	146.517840157274
166.9921875	61.122045274398	144.783461993496
169.921875	61.1580841686288	146.514705819869
172.8515625	61.9206221942203	146.969271571133
176.513671875	62.1082229352618	146.3869251105
179.443359375	62.5063350221822	147.134721163139
182.373046875	62.843924270465	146.328814610032
186.03515625	63.2461600897825	146.807601834059
189.697265625	63.5959005501538	146.068580301792
192.626953125	63.8074557517983	146.389829311856
196.2890625	64.202799195855	145.965501474592
199.951171875	64.513345661811	146.857808558891
203.61328125	64.9219750563523	146.383978959848
207.275390625	65.2144164072233	146.960016849434
210.9375	65.6448890334391	146.174101260741
215.33203125	66.0237188862957	146.319340216471
218.994140625	66.3196249409059	145.402762609373
222.65625	66.6391420679639	145.859540260322
227.05078125	66.9889235894037	145.272812694449
231.4453125	67.227532224126	145.299184281952
235.107421875	67.6044268864407	145.41252243936
239.501953125	67.8919395145168	145.461491536027
243.896484375	68.3035688977492	144.846330097204
248.291015625	68.6702141605746	144.990305532869
252.685546875	68.9588882543612	144.00972809278
257.080078125	69.3289578248061	143.714217814197
262.20703125	69.612849953067	143.727409295626
266.6015625	69.8877360016224	142.926160419867
271.728515625	70.2951217344565	143.054220202566
276.85546875	70.6058612065756	142.966002765086
281.25	70.831951479229	141.609439587881
286.376953125	71.2394525007692	142.187424024948
291.50390625	71.5094935634957	143.024115743756
296.630859375	71.8313324475806	141.903516294044
302.490234375	72.3481650420981	141.160470662637
307.6171875	72.8008526075917	141.508947422776
313.4765625	73.1686198135932	140.974743757539
318.603515625	73.4531570804986	138.997514048627
324.462890625	73.874253319078	136.962043275235
330.322265625	74.176556604916	135.35062326931
336.181640625	74.2045860433906	135.089321773512
342.7734375	74.21143084188	135.938731618324
348.6328125	74.444528973375	136.769514416706
354.4921875	74.8921593535768	136.305396916372
361.083984375	75.3783667523025	135.85790339838
367.67578125	75.8439048665643	135.212810925139
374.267578125	76.2346470904621	134.938128675365
380.859375	76.6928839059484	134.631076611481
387.451171875	77.0668222151682	134.09539736016
394.775390625	77.5266254286796	132.763373705896
402.099609375	77.8997683656711	131.039549113823
408.69140625	78.1583770339743	129.914833457182
416.015625	78.4956994615906	128.89584148008
423.33984375	78.9308666489254	127.568165740086
431.396484375	79.4399212956894	124.667766900152
438.720703125	79.6586897656017	121.543274767539
446.77734375	79.6582694798973	118.402121543383
454.833984375	79.5172100269528	117.032642488377
462.890625	79.4729761865168	117.598739340143
470.947265625	79.7324263125479	118.815731467454
479.736328125	80.2906628583688	118.693991934394
487.79296875	80.6996946578262	116.890143129455
496.58203125	80.9236664086595	114.45120197248
505.37109375	81.0184247455904	112.892554096191
514.16015625	81.1333096944774	112.218405443258
523.681640625	81.3592839118891	111.897331509588
533.203125	81.677254499278	111.470281542679
542.724609375	82.0802974356102	110.46823101988
552.24609375	82.4307165493183	107.865555241908
561.767578125	82.409525359208	105.749981827256
572.021484375	82.5878707593585	106.194265516969
582.275390625	83.0123643405316	104.377927728568
592.529296875	83.1898515534947	102.793595723614
602.783203125	83.434901152289	101.063134079387
613.76953125	83.5064063555542	99.3335119929142
624.755859375	83.7105648047332	98.3022715868961
635.7421875	83.872460593071	97.3867730397106
646.728515625	84.1975047764895	95.9569410395827
658.447265625	84.3784691400426	93.8448246305754
670.166015625	84.5458071588464	91.427229554698
681.884765625	84.5751938018028	89.6031718927052
693.603515625	84.5720956383203	88.6425659992248
706.0546875	84.7596825644899	87.9330930443224
718.505859375	84.9974161037812	86.0859703804964
730.95703125	85.0297193499309	83.4237045136733
744.140625	84.9161885094833	82.0874826049916
757.32421875	84.8841847009577	81.6790862708406
770.5078125	84.9466574986683	81.0739873026013
784.423828125	84.8834883690893	80.4514284767596
798.33984375	85.0516348031061	81.2480040771799
812.255859375	85.4187321034415	80.3870988544602
826.904296875	85.5206508526434	79.2988937289313
841.552734375	85.766244196953	78.7751740917622
856.201171875	86.0270315436081	76.9983682661205
871.58203125	86.0785850168797	75.142162819882
886.962890625	86.149928069198	74.5524840347593
902.34375	86.3863627572674	73.8475053500836
918.45703125	86.6691361888879	71.8274036311194
934.5703125	86.741914096209	69.272327622039
950.68359375	86.7612572023067	67.8448021101528
967.529296875	86.8988380977348	66.0761761593361
985.107421875	86.9480409727113	62.9314648261343
1001.953125	86.6790348174756	60.0663299096022
1019.53125	86.2032527533188	60.685468807187
1037.841796875	86.3743767938948	62.2387665323632
1056.15234375	86.4777519141884	60.1121893677071
1074.462890625	86.2702243691209	59.5037824203209
1093.505859375	86.2202533819236	60.5891329790529
1113.28125	86.4196327022813	60.7845413964158
1132.32421875	86.5354518998303	60.4253699124795
1152.83203125	86.6673383296462	60.0730369384817
1172.607421875	86.8486496164893	59.3568355300443
1193.84765625	86.9582101714565	57.8988006932899
1214.35546875	86.9647231794359	57.1472772538262
1235.595703125	87.0343537005653	56.5038159529266
1257.568359375	87.1996966249657	55.6392880589187
1279.541015625	87.2526825014336	53.8746793607768
1302.24609375	87.1174452728319	52.8914142881846
1324.951171875	87.0131792683897	52.3485042324189
1348.388671875	86.8804451104386	52.6557689940504
1372.55859375	86.9095830578608	54.5122945363157
1396.728515625	87.4366854492575	55.4968447843408
1420.8984375	87.8297390981874	51.7706294723106
1445.80078125	87.5058895379163	49.2208721299902
1471.435546875	87.2913282755722	50.6076310838888
1497.0703125	87.6867633353316	50.8555649197804
1523.4375	87.8410146088244	48.0733042121165
1550.537109375	87.604208073236	46.7413911966444
1577.63671875	87.4672554852763	46.8059089422167
1605.46875	87.4468657598199	46.3146848222318
1633.30078125	87.2851538960728	47.3211908153858
1662.59765625	87.4791136306998	47.5564304375236
1691.89453125	87.2275742936957	47.9021216642952
1721.19140625	87.6294093272102	50.8015060429423
1751.220703125	87.9496763572617	48.8603953992217
1781.982421875	87.8991951416946	48.6242664480339
1813.4765625	87.9794038244332	49.4540807588432
1845.703125	88.3657478113466	49.5940925569057
1877.9296875	88.4564245830553	48.0917535515763
1910.888671875	88.6199882154526	48.3535196201699
1944.580078125	88.971317999118	48.6562213409743
1978.271484375	89.4167626693127	45.3120240695245
2013.427734375	89.0453586611508	42.0094279845658
2048.583984375	88.8157097899781	42.4209207638622
2084.47265625	88.8052047833512	44.0907113633109
2121.09375	89.0779892705139	45.4712194626504
2158.447265625	89.6062995146637	46.3068320978963
2196.533203125	90.3475189570962	42.4639250440188
2234.619140625	90.1371841942719	36.1278285412588
2274.169921875	89.5176177461091	35.8638113112215
2313.720703125	89.2960114335675	37.5438768635102
2354.736328125	89.2323707816817	38.9405462512721
2395.751953125	89.5742657761119	41.7754791269127
2438.232421875	90.1100639042732	41.9845451565786
2480.712890625	90.449931146479	40.1457075013203
2523.92578125	90.9735682801903	38.8526587094895
2568.603515625	91.2912845144336	36.2421242321914
2613.28125	91.4145205291566	32.0198013337028
2659.423828125	91.3642835487396	28.676653450645
2706.298828125	91.1321780753487	27.838823299022
2753.173828125	91.1299368162465	26.9145116771881
2801.513671875	91.374967836912	24.5059304555801
2850.5859375	91.4727528643151	21.3500922992466
2901.123046875	91.0333891180413	16.9124355372823
2951.66015625	90.1895100104554	15.7334443988143
3003.662109375	89.8554262445896	18.883175726756
3056.396484375	90.0555587718423	21.3547282219891
3109.86328125	90.5166266842761	21.5661321392956
3164.0625	90.7959893938908	18.9831536996151
3219.7265625	90.7826813812842	16.2642128946306
3276.123046875	90.5464539159611	12.3022633186079
3333.251953125	89.8629010405827	10.1263085625257
3391.845703125	89.3979888093094	11.1447805417164
3451.171875	89.2577930706591	11.3134297303645
3511.962890625	89.0069860393828	10.5995934751918
3573.486328125	88.400502842055	10.797442857839
3635.7421875	87.831367778865	17.7675471495144
3699.462890625	88.6145991184483	24.0101279478253
3764.6484375	89.2726774145812	22.9818932071093
3830.56640625	89.348172328901	22.0026155954084
3897.94921875	89.6498008237709	22.9786444918233
3966.064453125	90.0924890771716	20.7640377473044
4035.64453125	89.987853957056	17.7894131850108
4105.95703125	89.612661803553	17.4760295561053
4177.734375	89.6693435423402	20.1340731200943
4250.9765625	89.9296766419075	19.3961925151704
4325.68359375	89.8841239773859	19.5000828105871
4401.123046875	90.1025455308441	20.964553023166
4478.759765625	90.7094408993286	20.3793382083909
4557.12890625	90.9956770086394	15.4613601927126
4636.962890625	90.4876033879531	12.4286013584238
4718.26171875	90.2444857827307	13.5432123279077
4800.29296875	90.2308372586291	13.1083194515526
4884.521484375	89.9420856543012	14.0957986251862
4970.21484375	90.2122406170338	16.6929205530412
5057.373046875	90.7409061594256	15.522700907708
5145.99609375	90.6933244171851	13.3445975808553
5236.083984375	90.8152905393075	13.5722568559265
5327.63671875	90.9430456268153	10.5786780483674
5420.654296875	90.4779481763459	9.53460075156597
5515.869140625	90.5547444456355	12.4901943511041
5612.548828125	91.0807089351646	11.1850677902639
5710.693359375	90.8861058467588	8.72053772733277
5810.302734375	91.0743579513894	8.93716499747223
5912.109375	91.2034820465013	4.73209059296738
6016.11328125	90.297871377226	4.71629484802755
6120.849609375	90.2842386701262	9.53331485705274
6228.515625	90.8061964014859	10.4412871543224
6336.9140625	91.5160092661295	9.53926226306179
6448.2421875	91.9578805763031	4.13222762912064
6561.03515625	91.6342347685569	-0.461084438456261
6676.025390625	91.0501650594731	-2.79069402123581
6792.48046875	90.490957764418	-1.23267041341695
6911.865234375	90.752578064442	-0.0651687158783218
7032.71484375	90.7175677785603	-2.89896904514944
7155.76171875	90.3801802188643	-3.67801130112479
7281.005859375	89.9041231939212	-3.88428795504711
7408.447265625	89.6843788554471	1.85585743599813
7538.0859375	90.4752652133542	4.01301178626276
7669.921875	90.7963096956408	2.34149290023389
7803.955078125	91.1328924587356	-0.430815122078148
7940.91796875	90.9585881888984	-3.32637356761555
8079.345703125	90.9815062992395	-4.62461024271633
8220.703125	90.8311357114003	-7.91218411310334
8364.990234375	90.4615547716047	-9.79744126893103
8511.474609375	89.9532706927008	-9.79957533170794
8660.15625	89.7019304034692	-7.8222606260315
8811.767578125	89.6636396160783	-7.73119148730634
8965.576171875	89.4608165330646	-8.47239136819254
9123.046875	88.9938938323419	-8.03027022508653
9282.71484375	88.6686918579082	-4.10191853877084
9444.580078125	88.855404028353	-0.262333744556053
9610.107421875	89.3485153203517	1.60463700330996
9777.83203125	89.6368261521834	1.28991278254768
9949.21875	89.8565215738129	2.21593998266029
10123.53515625	90.3507220665962	1.96061370988025
10300.78125	90.7045735706208	-0.7474414537745
10480.95703125	90.6373905136588	-2.98624936527229
10664.0625	90.6288718015716	-3.06646031971595
10850.830078125	90.8346380995717	-4.31958737792087
11040.52734375	90.8623215786525	-6.22392279924158
11233.154296875	90.7929989080723	-6.90474966388978
11430.17578125	90.994633574677	-8.02843734645622
11630.126953125	90.9381647504063	-10.5596661349361
11833.740234375	90.7519079014756	-10.9384542176415
12040.283203125	90.9118452896958	-11.1703056988585
12251.220703125	91.0138105321713	-13.3901762359182
12465.087890625	90.953430127205	-15.7724741013635
12683.349609375	90.8253737963799	-17.8679379065705
12905.2734375	90.5133852937335	-20.2858626041729
13130.859375	90.1540561123463	-20.9982762438593
13360.83984375	89.9641640205504	-21.1489324448935
13594.482421875	89.7605853425173	-21.9394532522659
13831.787109375	89.5038883879315	-22.7428228225122
14074.21875	89.1628177763622	-22.8161137337132
14320.3125	88.932486236544	-21.499284024661
14570.80078125	88.8535773762084	-20.8101221278068
14825.68359375	88.7271942857273	-20.3260220684739
15084.9609375	88.6631781358993	-19.7956733075775
15348.6328125	88.4529549204276	-19.2692035484831
15617.431640625	88.4629523451218	-16.6373560065813
15889.892578125	88.9402716344268	-16.09328382138
16168.212890625	89.240989291336	-18.0484307174232
16450.927734375	89.2068002423409	-21.3523850551112
16738.76953125	88.9608245585473	-22.7298804564961
17031.73828125	88.7797553392114	-23.778514762408
17329.1015625	88.5346930019935	-24.6233515144252
17632.32421875	88.3464513391359	-25.2819232526993
17940.673828125	88.0895719008163	-25.2397184837148
18254.150390625	87.9845769035446	-25.3433842681722
18573.486328125	87.8054795898678	-25.7687499357788
18898.681640625	87.5866094471927	-26.4440905770943
19229.00390625	87.1793132395195	-25.964320135254
19565.185546875	87.109932532024	-24.0605642422021
19907.2265625	87.1855321617322	-24.0858350311648
20255.859375	87.1227048528264	-25.1557982479345
20609.619140625	86.9730599126115	-26.3144291765844
20969.970703125	86.6722771863195	-28.1625325634937
21336.9140625	86.1471275695718	-29.4593707301291
21709.716796875	85.4161598764848	-29.8358340954069
22089.84375	84.527432270598	-28.240640955185
22475.830078125	83.6301977693466	-24.0341412727189
22869.140625	82.8979818610482	-16.8596248894462
23269.04296875	82.6865427088966	-7.52121705194565
23675.537109375	83.0405520134382	0.724505678813061
24089.35546875	83.5357469961338	8.05580281582004
24511.23046875	84.2427994833043	14.6699916006466
24939.697265625	85.1448417703517	21.8530185895215
25375.48828125	86.5385085489444	29.0079131302279
25819.3359375	88.6462843603914	32.9836076070585
26270.5078125	91.0064596301938	32.2139904129698
26730.46875	93.6618629368109	25.8953601129256
27197.75390625	95.9776517813098	9.2486629448953
27673.095703125	96.5913289221312	-13.5839530530688
28157.2265625	95.5761690262035	-32.4264533908714
28649.4140625	93.8625416328008	-44.1491664012512
29150.390625	92.1650165692599	-49.7445143520355
29660.15625	90.7412704328565	-52.4210893355357
30178.7109375	89.4454569687498	-52.3523593319967
30706.0546875	88.5051790717269	-50.3984134267505
31242.919921875	87.9681161930349	-47.7449691705512
31789.306640625	87.7812281127503	-47.321662739284
32345.21484375	87.2481644870044	-48.4926504887467
32910.64453125	86.6542547420329	-47.1305486910457
33486.328125	86.4134758890172	-44.9473029803969
34071.533203125	86.3931456749658	-43.9088673374195
34666.9921875	86.4179673402045	-43.9021006317618
35273.4375	86.7069305216402	-45.8175845676455
35890.13671875	85.3911808715534	-46.5838208494893
36517.822265625	86.7381798373895	-39.3817565241105
37156.494140625	88.4705944448393	-59.6686441266428
37806.15234375	87.1892809720105	-73.5011450399988
38466.796875	85.603078486057	-90.6556771527742
39139.16015625	77.9710582574056	-113.544576869375
39823.974609375	73.3742002361786	-66.623917687149
40519.775390625	77.1325815612626	-40.1453234712829
41228.02734375	77.1361528724525	-37.6301602785174
41949.462890625	77.1361528724524	-32.4541176651944
42682.6171875	77.1361528724525	-27.5177583051403
43428.955078125	77.1361528724521	-22.9481742314469];

Data_Format = 'LeveldB_Phase';
Data_Domain = 'Frequency';
Data_AbscUnit = 'Hz';
Data_BaseUnit = 'V';
Data_xScale = 1;
Data_vScale = 1;
