CurveFormat = 6;
TDelayRemovedTRF = 0.00195833333333333;
SourceDesc = 'Fundamental + Minimal phase';
%[Hz]    dB-[V]    [deg]
Curve = [
46.875	80.667539750827	28.139649158454
48.33984375	80.667539750827	30.3315371903605
49.072265625	80.667539750827	31.6206176580794
49.8046875	80.667539750827	33.5310741636521
51.26953125	81.053872843151	37.8324786594773
52.001953125	81.4152455556336	39.1474298769011
53.466796875	82.0194323362333	39.5955244064757
54.19921875	82.2506477368255	39.3600022904766
55.6640625	82.6033433902169	38.9478057724872
56.396484375	82.7514209580827	38.7391118886893
57.861328125	83.0182670393047	38.3561117422121
58.59375	83.1349053894327	38.135104324387
60.05859375	83.3361425734895	37.4863861850704
61.5234375	83.4673098189215	37.2117930644933
62.255859375	83.551631674584	37.2760157847259
63.720703125	83.7277728496818	37.223790739459
65.185546875	83.9114689045437	37.0273934907874
65.91796875	83.9970268269859	36.795902065742
67.3828125	84.1754864164332	36.4013099964791
68.84765625	84.3003655426256	35.8284152368822
70.3125	84.3869439906896	35.4052105673891
71.77734375	84.4815492932065	35.2071066699954
73.2421875	84.5897320090434	34.8641525624039
74.70703125	84.6561474365736	34.6066785401299
76.171875	84.7680707541906	34.5135298949058
77.63671875	84.8384262238599	34.348727555283
79.1015625	84.9222335538536	34.0746152392266
80.56640625	84.9869838576535	33.8544685868094
82.03125	85.0398287192179	33.7664011621455
83.49609375	85.1126379100375	33.811345179314
84.9609375	85.2038189467725	33.8481122753582
87.158203125	85.3452027282144	33.6445768103887
88.623046875	85.4325042541368	33.4708377794417
90.087890625	85.5167824439669	33.310969268565
92.28515625	85.6358817858748	33.0431984137377
93.75	85.7142836309556	32.8289895577733
95.21484375	85.7942813062949	32.5941937247035
97.412109375	85.8933839639761	32.1934679583323
99.609375	85.9797355097329	31.8507805829218
101.07421875	86.0436938227104	31.626691320787
103.271484375	86.1298604104545	31.1393118372962
104.736328125	86.1630554136279	30.8965905299028
106.93359375	86.2401972503717	30.7887704688624
109.130859375	86.3526484386738	30.2340539113294
111.328125	86.3660143282545	29.5664391334079
113.525390625	86.3756432319796	29.5717717301002
114.990234375	86.4474341529113	29.5238432533595
117.1875	86.5155864862454	28.8696378863568
119.384765625	86.4901483343038	28.5781360322381
122.314453125	86.5813792786572	28.6132592623117
124.51171875	86.6282425389578	28.0031802964014
126.708984375	86.6065576405687	27.7982442244027
128.90625	86.6388538276947	27.842449228051
131.103515625	86.696205999367	27.5976473743499
134.033203125	86.7043255656649	27.17827623942
136.23046875	86.7228444770996	27.1083889230155
139.16015625	86.7614117142119	26.6170260128278
141.357421875	86.7140363418819	26.2705717348869
144.287109375	86.6802104297005	26.3697665255286
146.484375	86.6746288794687	26.2029538374462
149.4140625	86.5805098587007	26.1654405547263
152.34375	86.5278503733309	26.7141727596859
155.2734375	86.4722931328427	27.0347751122775
158.203125	86.3927203991789	28.0236459339331
161.1328125	86.4067855287666	29.1472310272433
164.0625	86.4067731113211	30.377538499337
166.9921875	86.5167155343425	31.9794029849286
169.921875	86.6911253394994	33.0805742317941
172.8515625	86.8788036462834	34.2236523465214
176.513671875	87.2452976183983	34.9467253581619
179.443359375	87.4612284404717	35.0938507606229
182.373046875	87.7007164693188	35.0009298315368
186.03515625	87.9579980315459	34.4580631113288
189.697265625	88.1897419957686	33.825429674005
192.626953125	88.3406505422467	33.1306948080341
196.2890625	88.491486530478	32.1895542624135
199.951171875	88.5549140849774	31.0776573490876
203.61328125	88.5732505066348	30.8741311410361
207.275390625	88.6930637055162	30.8217840146867
210.9375	88.8197557510842	30.3976533575653
215.33203125	88.9421646694996	29.6669442977095
218.994140625	89.0282580760817	29.0704501431884
222.65625	89.0894225744709	28.4113598286619
227.05078125	89.1393197588581	27.8111654646777
231.4453125	89.1803530475532	27.4986262732219
235.107421875	89.2264909606582	27.3486033317906
239.501953125	89.3226439034675	27.091085570504
243.896484375	89.4247221527143	26.6563661211368
248.291015625	89.5075451711578	25.9546513068429
252.685546875	89.5445417924798	25.1721547848404
257.080078125	89.5047508843183	24.6344693177587
262.20703125	89.4793468249661	24.767416823414
266.6015625	89.5268807419218	25.2082846038758
271.728515625	89.6780931477938	25.6278668809757
276.85546875	89.9266338061894	25.4582162678331
281.25	90.1307741000908	24.336076687102
286.376953125	90.1766954290265	22.4625052529229
291.50390625	90.0904351923617	21.420558166412
296.630859375	90.0357061325314	21.1977233480457
302.490234375	90.0208771361094	21.1693047799096
307.6171875	90.0575275523125	21.1610739784663
313.4765625	90.1392215427173	20.9624023506793
318.603515625	90.2048440325774	20.6674495934218
324.462890625	90.2814531001082	20.1712077259485
330.322265625	90.3233379118302	19.284929626513
336.181640625	90.2886620633798	18.6081870787419
342.7734375	90.2331543387387	18.3692937896207
348.6328125	90.2182725243442	18.3693147758788
354.4921875	90.2036623854374	18.4457219861374
361.083984375	90.198704952772	18.7684997277213
367.67578125	90.2371643342255	19.2664558175279
374.267578125	90.3463897127877	19.756854599105
380.859375	90.5318473354533	19.7417788676772
387.451171875	90.6714944825089	19.1110196456033
394.775390625	90.7377441903968	18.2060500134795
402.099609375	90.7016045617307	17.5186504986279
408.69140625	90.6350379335039	17.6245400367823
416.015625	90.6513215776351	18.3233592429199
423.33984375	90.7544004809328	18.8337394718273
431.396484375	90.8638237014815	19.1027933425933
438.720703125	90.9499086899869	19.581576348643
446.77734375	91.1251316401472	20.3841350324599
454.833984375	91.4075628575737	20.9080332137854
462.890625	91.7401288388633	20.7015629173537
470.947265625	92.0395426733734	19.8331708097532
479.736328125	92.3113057857933	18.5431363661315
487.79296875	92.5133164414291	17.379203051851
496.58203125	92.717696772642	15.8480379386906
505.37109375	92.8764183608403	14.1909036061652
514.16015625	93.0042357688485	12.5245198289078
523.681640625	93.1173963274423	10.6244444674763
533.203125	93.1834153532053	8.49479123630036
542.724609375	93.1588792997229	6.49610607312887
552.24609375	93.0419366639791	4.9715981204971
561.767578125	92.9859212876351	4.47497485883624
572.021484375	93.083061307646	3.437993975633
582.275390625	93.0779512838707	1.47283132023134
592.529296875	92.9835262631514	0.0526313460062051
602.783203125	92.8709716657614	-1.01597923005041
613.76953125	92.7542032359694	-1.83316655804318
624.755859375	92.6384121561495	-2.25215775530711
635.7421875	92.6155807709572	-2.26282671517207
646.728515625	92.6702816741009	-2.70107189562491
658.447265625	92.7139508236455	-3.6404983785757
670.166015625	92.7191556182713	-4.85125479222657
681.884765625	92.6345467387584	-6.03080068523172
693.603515625	92.5556537608936	-6.51072808325377
706.0546875	92.5424439457845	-7.04559229203661
718.505859375	92.5439590079106	-7.86032291860101
730.95703125	92.5057286093619	-9.0765971953581
744.140625	92.39244219708	-10.1082513139739
757.32421875	92.2397621412618	-10.8675230034775
770.5078125	92.0578695049069	-10.7988829589734
784.423828125	92.1004336857616	-10.1054447397813
798.33984375	92.1350587430386	-11.5106567762641
812.255859375	91.8619677003208	-12.0902901471195
826.904296875	91.7739524824525	-10.4653355549299
841.552734375	92.0266920233344	-9.50023328051477
856.201171875	92.2993045851178	-10.8869089572385
871.58203125	92.2907095392214	-13.0521834608272
886.962890625	92.1472191660123	-14.2100579210685
902.34375	92.0708267003513	-14.6509700023828
918.45703125	91.9983623197752	-15.6714891321907
934.5703125	91.7925529581476	-16.0377221164606
950.68359375	91.6805761133455	-15.518954376936
967.529296875	91.659829996062	-14.8893023202326
985.107421875	91.7427121329348	-14.4498339751566
1001.953125	91.8603377705347	-14.545950903333
1019.53125	91.9724716953903	-15.4597456937344
1037.841796875	91.9608540990561	-16.1534212631641
1056.15234375	92.0334748021087	-16.3855307071283
1074.462890625	92.0860491813298	-17.4098916044994
1093.505859375	92.0795046378851	-18.3713488074273
1113.28125	92.0780166018746	-19.2771876372704
1132.32421875	92.0013314854602	-20.5779181461953
1152.83203125	91.8023816118191	-20.6453734483141
1172.607421875	91.8072892978848	-20.2782045970557
1193.84765625	91.794777966419	-20.5224726800945
1214.35546875	91.7473410118874	-20.3819004051756
1235.595703125	91.791510558967	-19.6836738927142
1257.568359375	91.9455846915071	-19.0994897743027
1279.541015625	92.197276978309	-18.7194540335327
1302.24609375	92.6168645261653	-19.6984665913328
1324.951171875	92.8713950354823	-22.7778385654473
1348.388671875	92.7330595192844	-25.0682942339162
1372.55859375	92.7935922053538	-25.8131058020301
1396.728515625	92.8102275929663	-28.1249931731448
1420.8984375	92.7146945300065	-29.0463106352737
1445.80078125	92.8323181125325	-30.5468647930479
1471.435546875	92.6305072750616	-32.7252683877147
1497.0703125	92.5871771251516	-32.3346284043715
1523.4375	92.8381721652982	-34.2889259731965
1550.537109375	92.6744286381138	-37.0247462063771
1577.63671875	92.5173244054222	-38.6429282025551
1605.46875	92.2679568492547	-40.1587435458259
1633.30078125	92.137257117617	-40.4413232553486
1662.59765625	92.0028146059533	-41.8275239270517
1691.89453125	91.7993582803778	-42.213088123992
1721.19140625	91.700307273034	-42.7200575390104
1751.220703125	91.5872779668614	-42.940295595889
1781.982421875	91.4624662895011	-43.8846615985447
1813.4765625	91.2654043115574	-43.4229691939015
1845.703125	91.2826157992737	-43.0563204411175
1877.9296875	91.3407811380275	-42.636989194714
1910.888671875	91.5339738891789	-43.3406871257793
1944.580078125	91.6255313899806	-44.5747306966835
1978.271484375	91.6952361178778	-46.739499984894
2013.427734375	91.5412809709176	-49.0845104655565
2048.583984375	91.2934354052571	-50.0267217766113
2084.47265625	91.19004812977	-50.3037046720609
2121.09375	91.0830475974766	-51.1299323940909
2158.447265625	90.9433870854503	-51.5135606864994
2196.533203125	90.9506775099716	-51.9474710671322
2234.619140625	90.8399437219711	-53.2671629039637
2274.169921875	90.5964481182158	-53.7196179054217
2313.720703125	90.4036541545475	-53.2401680993517
2354.736328125	90.3362761632864	-51.9532456170764
2395.751953125	90.446321294024	-51.0036056647379
2438.232421875	90.6905814699762	-50.6950460636508
2480.712890625	90.8839469640398	-51.1311887089705
2523.92578125	91.1051156665559	-51.9016893229875
2568.603515625	91.3303534503969	-53.3466266935426
2613.28125	91.5031512759787	-55.0201985335386
2659.423828125	91.6495959594762	-57.2957779750383
2706.298828125	91.6690109635792	-59.5487575080663
2753.173828125	91.705084549683	-61.3730945450618
2801.513671875	91.7084712772511	-64.1716166612613
2850.5859375	91.5252583270203	-66.9040965089778
2901.123046875	91.2468603037197	-68.2832301852972
2951.66015625	91.014337323993	-68.2996545706808
3003.662109375	91.0381671667796	-67.8065535686226
3056.396484375	91.2568473202681	-68.7501111308945
3109.86328125	91.3788338779272	-70.4302058999778
3164.0625	91.4966191377906	-71.9144889937923
3219.7265625	91.5937439851314	-74.158051338413
3276.123046875	91.6274889840325	-76.4439570086237
3333.251953125	91.637602271872	-79.7073560880705
3391.845703125	91.3947418149538	-82.5324915761785
3451.171875	91.2148379899759	-83.8635124153276
3511.962890625	91.1236828421442	-84.7308219309009
3573.486328125	91.2321684557593	-85.9059905488718
3635.7421875	91.2607148514945	-88.8179173577085
3699.462890625	91.100204421371	-91.2052909771538
3764.6484375	91.0138509307195	-92.9470527106183
3830.56640625	91.0128171481513	-95.2757625987536
3897.94921875	90.8105767957496	-98.2369862307064
3966.064453125	90.5546052393257	-99.4743522488424
4035.64453125	90.4827729733299	-100.432571107705
4105.95703125	90.4767816265894	-101.702491168344
4177.734375	90.4691055288459	-103.353202502283
4250.9765625	90.5337128744787	-104.796913748093
4325.68359375	90.6566199132951	-106.833346452144
4401.123046875	90.8903184266131	-108.778875198486
4478.759765625	91.3749944017259	-113.530267855312
4557.12890625	91.2702329503165	-122.461100406069
4636.962890625	90.1470971958676	-128.44370658047
4718.26171875	88.9072297578885	-125.122379599095
4800.29296875	89.409445824534	-117.106143350028
4884.521484375	91.2233256481319	-119.498095691103
4970.21484375	92.1905686944362	-131.149150229585
5057.373046875	92.1564858531978	-144.210409518377
5145.99609375	91.404202338052	-156.373640660906
5236.083984375	90.0562246967396	-165.914582889567
5327.63671875	88.3577002205362	-171.40015300593
5420.654296875	86.6476185249157	-171.474505161205
5515.869140625	85.513976706514	-167.420319785968
5612.548828125	85.1500316635667	-162.845564884212
5710.693359375	85.3596127307615	-160.657229706347
5810.302734375	85.6991118962991	-162.481570912363
5912.109375	85.6992559096023	-166.999377732781
6016.11328125	85.3935177752076	-169.572629735194
6120.849609375	85.6182001556673	-171.292141700875
6228.515625	86.0097031796959	-177.752020850094
6336.9140625	85.8878189432894	172.66570178187
6448.2421875	85.2028741338559	163.105322711268
6561.03515625	84.1901219365539	155.57012798096
6676.025390625	83.2344549615355	150.511758227284
6792.48046875	82.5722203242138	145.008616296151
6911.865234375	81.8936862831659	135.997513719178
7032.71484375	80.4966216037904	124.133561727465
7155.76171875	78.1401232687086	114.700039888292
7281.005859375	75.3155160370702	110.965094620497
7408.447265625	72.6319646537679	113.257733413852
7538.0859375	70.5354383720021	118.682503657369
7669.921875	68.7724669053127	124.5932324227
7803.955078125	67.1616576658076	132.675413269949
7940.91796875	66.2893670160443	141.425844825735
8079.345703125	65.7475266713374	146.329217281731
8220.703125	64.8850802095901	147.79291257398
8364.990234375	63.4520174995049	152.514156023586
8511.474609375	62.3080974877832	160.367522074567
8660.15625	61.4712576495721	170.135450361984
8811.767578125	61.2772318714386	179.284015554571
8965.576171875	61.272641419783	-172.687968985713
9123.046875	61.5959370496276	-165.694740398053
9282.71484375	62.6445105251913	-158.23113944038
9444.580078125	64.1593510280219	-166.211439124861
9610.107421875	63.5558009199868	-178.698845408787
9777.83203125	62.0163211255071	175.467584085645
9949.21875	59.9067019147362	176.043867341912
10123.53515625	57.9314804385021	179.868452687127
10300.78125	56.2556028229267	-169.505520134035
10480.95703125	55.4754226460571	-159.70291675642
10664.0625	54.0827226822908	-149.999266316341
10850.830078125	53.6905922756695	-130.693787444314
11040.52734375	55.2109389320248	-117.908081322878
11233.154296875	56.1167669238774	-113.529108599491
11430.17578125	56.7606594045338	-109.274473413406
11630.126953125	57.5343020150903	-108.402071437534
11833.740234375	57.2126282260652	-107.742410116532
12040.283203125	57.5927202032193	-97.3853896209117
12251.220703125	59.4475409892205	-104.593407041496
12465.087890625	56.6907039422803	-109.400759356855
12683.349609375	55.5469903333874	-84.9481649407615
12905.2734375	57.6616285073715	-68.2357833896527
13130.859375	60.7159473494417	-61.5262506052164
13360.83984375	63.0833248481722	-67.8590796942092
13594.482421875	64.1352581677935	-76.1005537796199
13831.787109375	64.7825677047281	-80.2046472401832
14074.21875	65.629875210414	-85.1746069046607
14320.3125	66.1249615296245	-91.3349049065454
14570.80078125	66.7284596130581	-97.0232098946946
14825.68359375	67.1611902242712	-105.498268026217
15084.9609375	67.1786943611611	-112.992053984493
15348.6328125	66.9378542571458	-121.838669622244
15617.431640625	66.1318788144112	-127.961952356657
15889.892578125	65.7146908714056	-131.636154359716
16168.212890625	65.3010950183251	-135.547701281898
16450.927734375	65.3742517402643	-140.48696226161
16738.76953125	64.7763244415202	-149.893560588296
17031.73828125	63.4925187059985	-151.965315454252
17329.1015625	63.3311406589512	-157.144743457729
17632.32421875	62.2115352319675	-166.033663716018
17940.673828125	60.8533706438466	-169.672766775629
18254.150390625	59.5074136500872	-172.968480524868
18573.486328125	58.0303820473628	-177.874514083373
18898.681640625	55.7127095597369	178.645243110086
19229.00390625	52.6881017022332	-175.761595621245
19565.185546875	51.1411678993873	-163.010890619427
19907.2265625	49.6049484184614	-154.172730268893
20255.859375	48.212479709079	-134.949687787748
20609.619140625	49.0258013470544	-114.452917949624
20969.970703125	51.839640651879	-104.302169901567
21336.9140625	53.521700286444	-110.60482421662
21709.716796875	53.8421742970394	-115.77852682071
22089.84375	53.9806809206126	-120.966700844331
22475.830078125	53.8906397585341	-128.510552208235
22869.140625	51.9384960802332	-136.803518241127
23269.04296875	49.4782637234197	-127.82154506121
23675.537109375	49.1591052645978	-113.933157394793
24089.35546875	49.4739416034179	-105.946966985801
24511.23046875	50.0977748484498	-88.5739373019571
24939.697265625	53.8001132140745	-79.8039711233646
25375.48828125	57.008180132896	-97.3278766140315
25819.3359375	57.5959206291594	-120.828159436335
26270.5078125	56.8749869066226	-140.047644376997
26730.46875	55.2307686920264	-163.065120571728
27197.75390625	50.3440044421004	176.378151948111
27673.095703125	43.685473301078	-168.571403840313
28157.2265625	42.4273346029792	-135.24050976266
28649.4140625	43.8477651803884	-122.764846472281
29150.390625	42.9528743728237	-122.505876538014
29660.15625	40.2020840008969	-1.56856568322391
30178.7109375	38.4735751162148	-21.053328275821
30706.0546875	47.7159309982217	-47.7770203886801
31242.919921875	50.5243065245786	-84.4227319266885
31789.306640625	49.2733103091495	-105.893966096638
32345.21484375	48.3115173449181	-114.022179556194
32910.64453125	45.9349305494078	-122.307668902963
33486.328125	43.1952694840638	-111.53638998542
34071.533203125	45.0226426748347	-110.796493664287
34666.9921875	42.1982334496749	-119.536568696741
35273.4375	40.9329908970408	-103.057112009126
35890.13671875	39.5478166898812	41.5335117508051
36517.822265625	39.3092248163182	-79.9996924403679
37156.494140625	44.1022088177914	-83.5937608505133
37806.15234375	42.9570596849288	-109.775384434238
38466.796875	39.1567246304776	170.800713127164
39139.16015625	35.7352819763051	79.5289573641413
39823.974609375	33.9525621888287	92.4487670066518
40519.775390625	32.3870396714867	-85.8976765744627
41228.02734375	32.3583159507181	-68.6704366493827
41949.462890625	32.3583159507182	-58.0302097100667
42682.6171875	32.3583159507183	-49.0499701489079
43428.955078125	32.3583159507179	-40.9731896605718];

Data_Format = 'LeveldB_Phase';
Data_Domain = 'Frequency';
Data_AbscUnit = 'Hz';
Data_BaseUnit = 'V';
Data_xScale = 1;
Data_vScale = 1;
