CurveFormat = 6;
TDelayRemovedTRF = 0.00195833333333333;
SourceDesc = 'Fundamental + Minimal phase';
%[Hz]    dB-[V]    [deg]
Curve = [
46.875	80.8424648718252	25.6542193234708
48.33984375	80.8424648718252	27.6856730755983
49.072265625	80.8424648718252	28.8878825250273
49.8046875	80.8424648718252	30.6304386005957
51.26953125	81.1857217581234	34.7165502045808
52.001953125	81.5216968127242	36.0215624428837
53.466796875	82.1144694706736	36.5747687398776
54.19921875	82.348619163992	36.340680750881
55.6640625	82.6953467317804	35.7770233884668
56.396484375	82.8315887123417	35.525459227154
57.861328125	83.0820458173619	35.0877098375321
58.59375	83.1933595968545	34.8720683744277
60.05859375	83.3775090610789	34.1713154339119
61.5234375	83.4987692097142	33.9094934166787
62.255859375	83.5777058921143	33.9319671510901
63.720703125	83.7436579528591	33.8712016466519
65.185546875	83.9350609098198	33.607040529126
65.91796875	84.0085896213598	33.3715189941951
67.3828125	84.1656257467766	32.8613710188622
68.84765625	84.2719121033658	32.2250716173881
70.3125	84.3580773068338	31.8232457247046
71.77734375	84.438689692691	31.533198585821
73.2421875	84.4902839838053	31.2985626980525
74.70703125	84.5679313802495	31.3934302813452
76.171875	84.70850004273	31.1425679407635
77.63671875	84.7800910064727	30.9584659731818
79.1015625	84.8605772135005	30.6560451789248
80.56640625	84.9258060967181	30.4562246719146
82.03125	84.9826366290415	30.2115588721352
83.49609375	85.0479522026381	30.2462478525862
84.9609375	85.1159264264478	30.2331147347139
87.158203125	85.2668879461148	30.0107079424267
88.623046875	85.3462238361718	29.7684523062482
90.087890625	85.4216248300829	29.5748709117927
92.28515625	85.5292679254149	29.3123874398378
93.75	85.6042257205744	29.0845776222344
95.21484375	85.6783116497902	28.834972221988
97.412109375	85.7739319281253	28.4150848361741
99.609375	85.8583544718741	28.0518730343268
101.07421875	85.9232873891017	27.7936812137961
103.271484375	86.0019229264033	27.2546731593633
104.736328125	86.0348623199673	27.0119143531699
106.93359375	86.1122574303088	26.8228383174969
109.130859375	86.2107274538966	26.2117590180816
111.328125	86.2217489828661	25.5398099838454
113.525390625	86.2264893545133	25.4882657933949
114.990234375	86.2931463611971	25.4282444648455
117.1875	86.3663903036323	24.7471233925747
119.384765625	86.335392761435	24.3453374034321
122.314453125	86.4186300348118	24.3451647131838
124.51171875	86.4633160402388	23.6806825890125
126.708984375	86.4361726562673	23.3896090202948
128.90625	86.4610140411774	23.4006098206097
131.103515625	86.5129132590398	23.1217404747051
134.033203125	86.5213901072602	22.625500976276
136.23046875	86.5341729396189	22.4862706551928
139.16015625	86.5643284208445	21.9103455909935
141.357421875	86.5159879646145	21.5131445708471
144.287109375	86.475187821233	21.5073637007516
146.484375	86.4641388415149	21.249067862308
149.4140625	86.3615961520149	21.0929982228785
152.34375	86.2978784542008	21.4879299362566
155.2734375	86.2181142779733	21.6719066065703
158.203125	86.115043037914	22.585062581492
161.1328125	86.1040260436035	23.633508750477
164.0625	86.0760863660064	24.8250192658082
166.9921875	86.1600531062174	26.4362037854454
169.921875	86.3092895638674	27.597010887826
172.8515625	86.4813114812326	28.8189151843622
176.513671875	86.832162869637	29.6238562779828
179.443359375	87.0416936087665	29.8194690817305
182.373046875	87.2787360735323	29.7782177160721
186.03515625	87.5312661942436	29.2602192387131
189.697265625	87.7576767771581	28.6411961470744
192.626953125	87.9056369220075	27.953218990681
196.2890625	88.0496832525208	27.0095243586996
199.951171875	88.1036198168031	25.9345028899287
203.61328125	88.1272063239052	25.7560644981474
207.275390625	88.2446865787735	25.5936395350436
210.9375	88.3454867759299	25.1776858657558
215.33203125	88.4553486045593	24.6142040441471
218.994140625	88.549601634001	24.1287946529603
222.65625	88.6216688193073	23.5189448839775
227.05078125	88.6837410082654	22.9298422076856
231.4453125	88.7345377017102	22.6450591644177
235.107421875	88.7952000555874	22.5043170906647
239.501953125	88.9162912222836	22.1806609163583
243.896484375	89.0306059219908	21.6144231327862
248.291015625	89.113512036467	20.8107336649252
252.685546875	89.1489249562973	20.0251996090622
257.080078125	89.1341511410585	19.580820465274
262.20703125	89.1719623163627	19.5275098691882
266.6015625	89.2537961805841	19.5544431683792
271.728515625	89.412838297692	19.3557413310826
276.85546875	89.5922848539976	18.3672733818996
281.25	89.6435526146132	17.2244247075555
286.376953125	89.620764781688	16.2107314903254
291.50390625	89.6014541746731	15.6659590925445
296.630859375	89.6056728825852	15.468384064672
302.490234375	89.6564201218651	15.2926466605818
307.6171875	89.7393973926518	14.9064410929224
313.4765625	89.8315332810496	14.1392424557184
318.603515625	89.8684144958947	13.3849369006097
324.462890625	89.8823900810738	12.6427937698526
330.322265625	89.8895220546178	11.7951940319545
336.181640625	89.8468332649472	11.1190352717909
342.7734375	89.8019244928222	10.8800191397371
348.6328125	89.8168493203875	10.6748992267988
354.4921875	89.8126068916916	10.3353260610444
361.083984375	89.7831717094831	10.1663252339675
367.67578125	89.7726283258664	10.2719138230051
374.267578125	89.8197653045116	10.500152047423
380.859375	89.9411266327711	10.3699389800608
387.451171875	90.0309256484991	9.71078614660393
394.775390625	90.0501991955021	8.8277153189332
402.099609375	89.973924758752	8.15471485366872
408.69140625	89.8693766012126	8.29226470861412
416.015625	89.8511880492175	9.11213302349411
423.33984375	89.9397100382702	9.76192991458291
431.396484375	90.0453178774341	10.0908267976664
438.720703125	90.1286277750201	10.5233552835815
446.77734375	90.2848573637384	11.2344449548276
454.833984375	90.5451552344799	11.7244286270957
462.890625	90.8572822213137	11.479368431019
470.947265625	91.1307561990994	10.6116457918149
479.736328125	91.3772557885352	9.40095821957952
487.79296875	91.57153720744	8.32515260357861
496.58203125	91.7779912621465	6.84151660897842
505.37109375	91.9402418907842	5.14281529300008
514.16015625	92.0655894088877	3.38757334977625
523.681640625	92.1708409729959	1.3572105226647
533.203125	92.2136871521285	-0.898570873096961
542.724609375	92.1627846226911	-2.92388831098177
552.24609375	92.0246249305874	-4.39298638013436
561.767578125	91.9668185122246	-4.81247843396671
572.021484375	92.0751095239233	-5.91084683028233
582.275390625	92.0643193757455	-8.06038864904964
592.529296875	91.9490785120184	-9.6296705507545
602.783203125	91.8070393715808	-10.7799134636221
613.76953125	91.6576028857802	-11.5675563446544
624.755859375	91.5283275545404	-11.86180784418
635.7421875	91.5180742207617	-11.8440286387388
646.728515625	91.5778909466759	-12.4386107948755
658.447265625	91.5987917479547	-13.5494045452792
670.166015625	91.5756915338612	-14.7966310205742
681.884765625	91.4752133315952	-15.9456540110075
693.603515625	91.3913135754095	-16.4568969153822
706.0546875	91.3585966836408	-17.1216865454031
718.505859375	91.3117891362927	-17.9058507171607
730.95703125	91.2650397428636	-18.7706925310968
744.140625	91.2005188412279	-19.7649067517791
757.32421875	91.0503747704567	-20.7989167546602
770.5078125	90.8508593080515	-20.7175258594112
784.423828125	90.9235570564592	-20.1693355653771
798.33984375	90.9249104298859	-21.9680043477754
812.255859375	90.5889370944413	-22.5124107249603
826.904296875	90.4820368904313	-20.6870613506573
841.552734375	90.739477505548	-19.5752772008852
856.201171875	91.0324377843541	-20.9888839842349
871.58203125	91.0142998458073	-23.4049890124701
886.962890625	90.8196136986659	-24.5228971707827
902.34375	90.7285745508443	-24.7159286845386
918.45703125	90.6633105535001	-25.4455037557883
934.5703125	90.513744468289	-25.6376561582706
950.68359375	90.4500249463384	-25.2723574115028
967.529296875	90.4541774515531	-24.9902376869246
985.107421875	90.4978039301855	-24.852249049757
1001.953125	90.5835632680599	-24.7657422880576
1019.53125	90.7161660896404	-25.5322593953898
1037.841796875	90.7255123604967	-26.2688175992363
1056.15234375	90.8123519197514	-26.504064434734
1074.462890625	90.8899866166392	-27.5790445266309
1093.505859375	90.8824510614288	-28.7890966795678
1113.28125	90.8370181806343	-29.6597799279384
1132.32421875	90.7326416080396	-30.5659524218639
1152.83203125	90.5776291191559	-29.9493150613024
1172.607421875	90.6654538306237	-29.2468022956992
1193.84765625	90.7565270730585	-28.9216800355808
1214.35546875	90.9044448142131	-28.4740955504365
1235.595703125	91.1888721078341	-28.1629236296344
1257.568359375	91.5365191466198	-28.6738376917524
1279.541015625	91.9189334404298	-29.6929389946773
1302.24609375	92.359795032647	-32.4875939533351
1324.951171875	92.5305889641527	-36.5398235152659
1348.388671875	92.3814521378303	-39.5401458102575
1372.55859375	92.3773720402613	-41.2105017659654
1396.728515625	92.318528276398	-43.6774563471838
1420.8984375	92.2417205454395	-44.8698056091307
1445.80078125	92.354099907044	-46.7605148577488
1471.435546875	92.2027253291656	-49.0021234560524
1497.0703125	92.2596401955677	-49.5409197190723
1523.4375	92.4628822128319	-52.6591920717927
1550.537109375	92.2836664813488	-55.6688231016756
1577.63671875	92.1431720503507	-57.8741696459243
1605.46875	91.9579371233915	-59.8901552497884
1633.30078125	91.8714796082442	-61.5655386093571
1662.59765625	91.6803016721172	-63.841615862398
1691.89453125	91.4873384829934	-65.1975003011201
1721.19140625	91.3744355479156	-66.7558959977517
1751.220703125	91.207147841422	-68.5340314652949
1781.982421875	90.9121784699399	-70.2033034139227
1813.4765625	90.6694274357028	-70.2715483527736
1845.703125	90.624974740068	-70.6055801669067
1877.9296875	90.6663005431968	-71.0977522903696
1910.888671875	90.7625425072929	-72.8922824807325
1944.580078125	90.7636862204883	-75.0918006051223
1978.271484375	90.7038381526045	-78.007305484528
2013.427734375	90.4423853560431	-80.8616765737314
2048.583984375	90.1345310752809	-82.3860826853962
2084.47265625	89.9846570519402	-83.4887036602938
2121.09375	89.8179510446226	-85.3475917083605
2158.447265625	89.5925951151849	-87.020608104218
2196.533203125	89.4231568173001	-88.9311524135017
2234.619140625	89.0925913818483	-91.2041840739021
2274.169921875	88.659514927979	-92.2935978531611
2313.720703125	88.2620017302415	-92.3912638657818
2354.736328125	87.9898304883418	-91.6946324723554
2395.751953125	87.9118404793999	-91.1211305625118
2438.232421875	87.9707870044	-91.3416058995737
2480.712890625	87.9464042645192	-92.4524633915157
2523.92578125	87.8915270068106	-93.5258663215421
2568.603515625	87.8527711344667	-94.9886118341318
2613.28125	87.7444593177824	-96.6811356579174
2659.423828125	87.6128131632799	-98.2688054559326
2706.298828125	87.4148481935618	-99.4945137099839
2753.173828125	87.2466186976506	-100.342202072463
2801.513671875	87.1009786129369	-102.047703882727
2850.5859375	86.8044073308519	-103.690511805285
2901.123046875	86.4575181222627	-103.02491754848
2951.66015625	86.3961758221973	-101.469222320377
3003.662109375	86.6336309433111	-101.249190186362
3056.396484375	86.9237660942985	-102.89342711849
3109.86328125	87.0516359461046	-105.091887937536
3164.0625	87.1201340593236	-107.133749452549
3219.7265625	87.240046808423	-109.769096403135
3276.123046875	87.256126828519	-113.170077159625
3333.251953125	87.1462767258859	-117.188011664124
3391.845703125	86.7858638032794	-120.869339160027
3451.171875	86.4454585206422	-123.055443013495
3511.962890625	86.1716783484657	-124.758082262887
3573.486328125	85.9808882805992	-126.803442875676
3635.7421875	85.568265513554	-129.307366488892
3699.462890625	85.1082348914315	-129.140057424309
3764.6484375	85.1890452269145	-128.555531357175
3830.56640625	85.3158577971806	-131.328202427751
3897.94921875	84.9930907882137	-134.020909140374
3966.064453125	84.7976797512929	-134.184168548962
4035.64453125	84.9331355128195	-134.980383226167
4105.95703125	85.0879455702935	-136.716875568528
4177.734375	85.3356232161313	-139.007029689724
4250.9765625	85.7415557003797	-142.957403465632
4325.68359375	86.0917841350101	-149.797372389233
4401.123046875	86.1159942224136	-158.848918321236
4478.759765625	85.5721527354782	-170.311582835243
4557.12890625	83.9056873992465	178.333478216564
4636.962890625	80.8297545714547	175.289304615257
4718.26171875	78.107170338205	-163.260722655222
4800.29296875	80.7205252353748	-138.38476184109
4884.521484375	85.0609348667301	-147.032329279642
4970.21484375	86.4178350640505	-169.703096460543
5057.373046875	85.8857913931545	170.960926842141
5145.99609375	84.5730537542423	155.571849097784
5236.083984375	82.6975080729873	144.316394551257
5327.63671875	80.5812457881946	137.760207322437
5420.654296875	78.5023610205523	136.463442646082
5515.869140625	76.9287189885588	138.8372750042
5612.548828125	75.9865014366887	142.203674897049
5710.693359375	75.6051174293551	144.017827031312
5810.302734375	75.4927278683673	142.126156679258
5912.109375	75.0262743823398	135.748343425642
6016.11328125	73.5805423914204	131.218045617301
6120.849609375	72.6181874196617	133.129221580305
6228.515625	72.5822179363398	131.514974773289
6336.9140625	72.1532311053253	123.46035218626
6448.2421875	70.9337491883232	114.593639008304
6561.03515625	69.1274236275402	107.457001384596
6676.025390625	67.0747323968819	104.407602627052
6792.48046875	65.2452853514044	103.960481826589
6911.865234375	63.9954903617033	102.409175904098
7032.71484375	62.0392901908283	94.0475945567861
7155.76171875	58.5430134267025	90.2693684066556
7281.005859375	54.886009720574	91.9264172735214
7408.447265625	51.1539168364627	93.4089146873035
7538.0859375	42.5626025221459	137.49046123887
7669.921875	45.6601916284409	-147.358780740061
7803.955078125	51.1075284545936	-149.966259576532
7940.91796875	52.8460928947846	-153.24460937432
8079.345703125	52.7589767422842	-153.505689470193
8220.703125	53.1645794051104	-147.894888547187
8364.990234375	53.160152383399	-144.741470893945
8511.474609375	53.3912846149519	-138.046277869485
8660.15625	54.1781121984722	-132.884429471522
8811.767578125	55.4585127900756	-130.246538267401
8965.576171875	56.5240970599288	-132.808830614613
9123.046875	56.991224414366	-139.745406576058
9282.71484375	56.3787713752807	-145.836102711191
9444.580078125	55.8568623726471	-144.261785599506
9610.107421875	56.0946095161855	-147.305284910773
9777.83203125	54.3635161601192	-154.269020097707
9949.21875	52.2715583827748	-144.4301848232
10123.53515625	52.568870179175	-130.82068120319
10300.78125	53.5226028729916	-127.906562185534
10480.95703125	53.6963882893127	-129.808908688902
10664.0625	53.3875995901638	-127.781172367846
10850.830078125	53.1378535057591	-126.829838829419
11040.52734375	53.6495654989398	-119.142148754849
11233.154296875	55.1341696339202	-129.796664785687
11430.17578125	51.8798975570806	-141.085368766592
11630.126953125	49.5335936047917	-120.404795856804
11833.740234375	50.517361535356	-98.1564506703196
12040.283203125	54.1374153715687	-88.6785197183127
12251.220703125	56.6387766934881	-112.165110294685
12465.087890625	54.0881140038467	-121.753932514384
12683.349609375	54.3725182553802	-113.374136577158
12905.2734375	55.0908560477256	-124.092521893997
13130.859375	52.4869654670643	-130.017730405258
13360.83984375	51.2334401298342	-112.994409268099
13594.482421875	52.8394600848151	-108.616171604166
13831.787109375	52.8307203187584	-109.769558156499
14074.21875	53.1589137551964	-106.410244587477
14320.3125	53.5961140711571	-106.087284677591
14570.80078125	54.7955232052484	-106.793049414214
14825.68359375	55.9686464739921	-115.832516276387
15084.9609375	56.2869437903635	-127.802458260517
15348.6328125	55.0730304705504	-146.347576740221
15617.431640625	51.8076467790215	-152.030447759586
15889.892578125	49.927105320742	-143.683990992967
16168.212890625	50.1959409814427	-132.712042465986
16450.927734375	51.761699262399	-143.365683701429
16738.76953125	48.3020915375218	-162.735484071473
17031.73828125	44.494851479314	-142.352993775171
17329.1015625	43.7666189506727	-139.469902391776
17632.32421875	41.3395751463612	-126.496930654406
17940.673828125	44.6904446832075	-110.582337936646
18254.150390625	43.5327264856142	-73.0370265865774
18573.486328125	40.0160128607725	153.967106392027
18898.681640625	42.0095113562112	-105.688710806321
19229.00390625	38.9481928374691	-64.5575363788352
19565.185546875	36.0211624731379	117.732540266604
19907.2265625	40.9056000301415	-52.8170736365265
20255.859375	41.9809129701071	-50.8161666210506
20609.619140625	43.9959511129062	-40.1522757581861
20969.970703125	47.2710700783351	-41.4856554898716
21336.9140625	48.8930107467594	-59.3594385278184
21709.716796875	48.1800586853314	-71.0988110186046
22089.84375	48.286428460482	-75.1911089208891
22475.830078125	47.1032720135517	-89.1326783174379
22869.140625	44.5542541452318	-86.3157419276833
23269.04296875	44.2311161612083	-78.5645951594711
23675.537109375	41.8731222572235	-76.5952112066463
24089.35546875	41.5009064991352	-50.0686762215317
24511.23046875	45.1834603506818	-38.4488766326544
24939.697265625	46.9723527777133	-45.5321826073312
25375.48828125	48.4045477049172	-51.1143379205106
25819.3359375	49.4511644529223	-66.4564421140086
26270.5078125	48.3400313160011	-80.4835084913415
26730.46875	46.4725210726388	-85.8460308710745
27197.75390625	43.8670588203487	-93.2082148165913
27673.095703125	40.5306377273081	-76.7376284519222
28157.2265625	40.1746732439113	-55.2285659996009
28649.4140625	41.7011644203084	-33.4646134529536
29150.390625	45.7933095480552	-32.2415367718407
29660.15625	47.9480775565474	-38.571912508932
30178.7109375	49.4740909885426	-56.6427204671331
30706.0546875	48.6908757841333	-70.5229466251282
31242.919921875	48.1452530633944	-84.5757188408598
31789.306640625	46.4839977834643	-99.5252820575465
32345.21484375	42.9349612766076	-179.367677342093
32910.64453125	40.636203540037	-33.7971047931724
33486.328125	37.7476504866398	104.171150058393
34071.533203125	34.5357853309235	-80.9708698026464
34666.9921875	33.7341785654207	111.934491523094
35273.4375	33.743073504073	-44.228545340314
35890.13671875	34.1358911407997	-29.9764402020875
36517.822265625	34.9216285622525	-16.3746898120591
37156.494140625	36.9057382271289	1.36910647158542
37806.15234375	39.6927565712842	-1.38943076548114
38466.796875	39.3741645519604	-12.8664238600233
39139.16015625	39.6134321552763	-2.67540815272402
39823.974609375	40.8011315902617	-3.29574812107876
40519.775390625	41.3548588636621	-4.05324475532332
41228.02734375	41.4093423428535	-7.75570847365853
41949.462890625	41.4093423428534	-7.98864722150343
42682.6171875	41.4093423428534	-7.5805463021925
43428.955078125	41.4093423428535	-6.84017839895333];

Data_Format = 'LeveldB_Phase';
Data_Domain = 'Frequency';
Data_AbscUnit = 'Hz';
Data_BaseUnit = 'V';
Data_xScale = 1;
Data_vScale = 1;
