CurveFormat = 6;
TDelayRemovedTRF = 0.00195833333333333;
SourceDesc = 'Fundamental + Minimal phase';
%[Hz]    dB-[V]    [deg]
Curve = [
46.875	81.056588427611	20.7398971876875
48.33984375	81.056588427611	22.5628874662981
49.072265625	81.056588427611	23.6392663669927
49.8046875	81.056588427611	25.3339658101445
51.26953125	81.4276888343917	29.038035580844
52.001953125	81.7655220321972	30.053532386385
53.466796875	82.3120828121937	30.1552855057736
54.19921875	82.5151979195395	29.72481958179
55.6640625	82.8116637771422	29.0668635863611
56.396484375	82.9382661687757	28.816584485182
57.861328125	83.1610623474422	28.1675845531692
58.59375	83.2574490703153	27.8700083803563
60.05859375	83.4192194014943	27.0732922923622
61.5234375	83.50974071665	26.6641540839127
62.255859375	83.5756926044544	26.6506897473784
63.720703125	83.7089627100538	26.4497531688815
65.185546875	83.8623147548902	26.2102405354303
65.91796875	83.9393202813619	25.9645268851396
67.3828125	84.0905275771138	25.3537193302418
68.84765625	84.1626749308207	24.6702530321077
70.3125	84.230307977516	24.2883207037895
71.77734375	84.2959532696137	23.9724277932839
73.2421875	84.3820373763363	23.6922990656134
74.70703125	84.4368060316937	23.3603701381236
76.171875	84.5396083424858	23.1216933699502
77.63671875	84.5995452447068	22.8202439162646
79.1015625	84.6553535324891	22.4333442850463
80.56640625	84.6988102233044	22.1308664220733
82.03125	84.7352390797784	21.965401497535
83.49609375	84.7897090337868	21.9009086015693
84.9609375	84.8628813339332	21.8330488330979
87.158203125	84.9814717425745	21.4854660161901
88.623046875	85.0499719278631	21.2030910614225
90.087890625	85.1148513254659	20.9223295585012
92.28515625	85.202321448438	20.5539653104453
93.75	85.2662231291416	20.2832802026798
95.21484375	85.3306792242761	19.9807168696659
97.412109375	85.412800231085	19.4275419450804
99.609375	85.4765164053584	18.9861613723215
101.07421875	85.5346209793437	18.6885611401599
103.271484375	85.6078109768297	17.9880193053074
104.736328125	85.622676313345	17.6320930224116
106.93359375	85.6786690368384	17.3605820108796
109.130859375	85.7664591058124	16.660614981028
111.328125	85.759447015342	15.8624307378222
113.525390625	85.7537725972097	15.751927128211
114.990234375	85.8133954286189	15.5962125838096
117.1875	85.8650555865355	14.7623099915987
119.384765625	85.8195193090232	14.3083735656798
122.314453125	85.8868167665061	14.1477194682772
124.51171875	85.9177010387951	13.3832400079235
126.708984375	85.8779339386773	12.9753193023564
128.90625	85.8934852756758	12.8724504760781
131.103515625	85.9346544490502	12.465393241353
134.033203125	85.9268054354478	11.8011014420396
136.23046875	85.9295054972281	11.5335140623493
139.16015625	85.9499518570668	10.7724188244336
141.357421875	85.8955843614996	10.1772162844374
144.287109375	85.8423765948038	9.89988784033037
146.484375	85.8156978660255	9.37788444959222
149.4140625	85.6883794395615	8.87722744661681
152.34375	85.5870436397435	8.92487774154659
155.2734375	85.4671493624789	8.7402666102502
158.203125	85.3079352862664	9.23392615929298
161.1328125	85.2222001947119	9.97528445050005
164.0625	85.1102429123165	10.9387357853425
166.9921875	85.0960075843263	12.3863801517995
169.921875	85.1434038700881	13.5661163701077
172.8515625	85.2286491599805	14.9910820094077
176.513671875	85.4863069164984	16.1757446155023
179.443359375	85.651122529053	16.6401314737027
182.373046875	85.8571241218437	16.8974864666767
186.03515625	86.0792763693355	16.6927416690608
189.697265625	86.2836902697333	16.3302682177363
192.626953125	86.4213075956725	15.792981039876
196.2890625	86.5441562992356	14.9754874516118
199.951171875	86.564362550123	14.081404670206
203.61328125	86.5734642145941	14.1672043071495
207.275390625	86.6865397237327	14.1547163235769
210.9375	86.7643634774444	13.8667619892918
215.33203125	86.8560821901324	13.6435002529109
218.994140625	86.954381215491	13.4460440227136
222.65625	87.0425002427239	13.0614251702209
227.05078125	87.1300054153144	12.6994561025918
231.4453125	87.2119425006168	12.5531562676285
235.107421875	87.3047688554311	12.4810420118304
239.501953125	87.4629248939155	12.1902338471295
243.896484375	87.6223337224096	11.5535270024785
248.291015625	87.740531252933	10.5294804895159
252.685546875	87.7892615569034	9.52435483209851
257.080078125	87.7843015696666	8.91349518347959
262.20703125	87.8312332497288	8.64981917600009
266.6015625	87.9187138154028	8.47028105431595
271.728515625	88.0677725546111	8.00168712472794
276.85546875	88.2154084273455	7.01581136467417
281.25	88.2940777799792	6.01461619956862
286.376953125	88.3313269482967	4.79467550970136
291.50390625	88.3304297935379	3.78646973546474
296.630859375	88.3176826059806	3.21697152485095
302.490234375	88.3449145698696	2.82051517701878
307.6171875	88.4267576766275	2.34908869650423
313.4765625	88.5380735432665	1.36471818058907
318.603515625	88.5835498183138	0.331795607628111
324.462890625	88.6019250944327	-0.726485237611626
330.322265625	88.6046358148212	-1.94750756351507
336.181640625	88.5569095334244	-2.85836501048027
342.7734375	88.5261753547649	-3.37095838609491
348.6328125	88.5791534096214	-3.94073195945208
354.4921875	88.6093622485812	-4.96852377481684
361.083984375	88.5617139697116	-6.10666285602181
367.67578125	88.4894036363051	-6.8537605363284
374.267578125	88.4549660152711	-7.32383882936367
380.859375	88.4786981609365	-8.03049416952814
387.451171875	88.4779463437226	-9.11411082670731
394.775390625	88.3848521137549	-10.4315163515681
402.099609375	88.1853975695715	-11.4280920949707
408.69140625	87.9603976847207	-11.3678449410955
416.015625	87.8337868983543	-10.3756436588081
423.33984375	87.8572484428668	-9.50592354486158
431.396484375	87.9269265300177	-9.07861309429831
438.720703125	87.9871927885524	-8.77931712766913
446.77734375	88.0982101459687	-8.39172322495775
454.833984375	88.2737858729012	-8.28974851235528
462.890625	88.4632295078384	-8.69792189567334
470.947265625	88.6225917501918	-9.40846595084536
479.736328125	88.7803273930714	-10.2367610288949
487.79296875	88.9395992336837	-11.0169778434117
496.58203125	89.1291141980718	-12.3787602399632
505.37109375	89.2636883347269	-14.1740290692964
514.16015625	89.3343826000466	-16.0657120532747
523.681640625	89.3671355583973	-18.1180162228019
533.203125	89.3443467897797	-20.3129136770005
542.724609375	89.2379149315595	-22.3214412619995
552.24609375	89.0326168339563	-23.7687504309856
561.767578125	88.9058586168373	-24.0712738494875
572.021484375	88.9465507979808	-24.9782014293569
582.275390625	88.8829394506466	-26.8597433291566
592.529296875	88.7413324334164	-28.2973703678288
602.783203125	88.5496931220655	-29.5121614563451
613.76953125	88.3010463009814	-30.2126709131054
624.755859375	88.0847197422116	-29.9789537744931
635.7421875	88.0597715056586	-29.31126124059
646.728515625	88.1397881059662	-29.6784807560353
658.447265625	88.1413691375783	-30.7388205028095
670.166015625	88.0876375619888	-31.7942326231225
681.884765625	87.9695723448001	-32.7274008927444
693.603515625	87.8765687939848	-33.0943358983927
706.0546875	87.8243953698037	-33.7667835455188
718.505859375	87.6972850359036	-34.4419981105564
730.95703125	87.5994955653554	-34.4775766450719
744.140625	87.61474472654	-34.9009194987497
757.32421875	87.5021229226306	-36.0320702319824
770.5078125	87.3137011388352	-35.6477782344914
784.423828125	87.4894598191217	-35.197775629605
798.33984375	87.4792622843697	-37.6429773456886
812.255859375	87.0678172816361	-38.2499720469951
826.904296875	86.9304345443342	-36.1422768928596
841.552734375	87.2091576111349	-34.8832018851716
856.201171875	87.5003884826287	-36.4375656254508
871.58203125	87.4414615119712	-38.8408140722384
886.962890625	87.2270778823565	-39.619799193647
902.34375	87.1425410201813	-39.6644530330952
918.45703125	87.0454804095223	-39.932739054327
934.5703125	86.9962701571812	-39.2687966013836
950.68359375	87.1101652422515	-39.0026400511836
967.529296875	87.2101788243066	-39.5406701750737
985.107421875	87.2417994301975	-40.0421597403115
1001.953125	87.3336124628475	-40.0751563797843
1019.53125	87.4915136940651	-41.1241727022198
1037.841796875	87.5217548044718	-41.9635414990576
1056.15234375	87.6929677051271	-42.2920306719895
1074.462890625	87.913486218338	-43.8102411564254
1093.505859375	88.0358349208792	-46.6521109777513
1113.28125	87.8938482625657	-49.3995769986139
1132.32421875	87.6319562812723	-51.1051309232822
1152.83203125	87.361943831105	-50.9435845238834
1172.607421875	87.3194590632623	-51.0349852737637
1193.84765625	87.1349007471063	-50.5175257517664
1214.35546875	87.2467890340433	-48.7003700359491
1235.595703125	87.5790758229007	-48.0783682307721
1257.568359375	88.0191909068723	-47.725201677804
1279.541015625	88.7092961457705	-49.3277028876092
1302.24609375	89.1665247958096	-54.4737643927271
1324.951171875	89.201450563962	-59.2371954851987
1348.388671875	89.0536691736167	-62.9094147612668
1372.55859375	88.9420561322831	-65.6098963918628
1396.728515625	88.7984288972074	-68.1311239744269
1420.8984375	88.7493199337647	-70.0797977279816
1445.80078125	88.7077853317736	-72.8817799662887
1471.435546875	88.53207025368	-74.3270021432472
1497.0703125	88.7936677667676	-76.050532134749
1523.4375	88.9621851617472	-80.9871765751227
1550.537109375	88.7463932945473	-86.0573904516497
1577.63671875	88.329128295247	-90.1001634257393
1605.46875	87.9386840784422	-93.2849494355539
1633.30078125	87.475892499686	-96.1171390906061
1662.59765625	87.017196827759	-97.8359962765542
1691.89453125	86.6603249603524	-99.7473750639445
1721.19140625	86.3209519784133	-101.187940101083
1751.220703125	86.002787651441	-103.379950079573
1781.982421875	85.410783727812	-105.138238081594
1813.4765625	84.9626317660946	-104.876998692407
1845.703125	84.7081445825934	-104.775497709812
1877.9296875	84.6140215881412	-104.826545247937
1910.888671875	84.606558432472	-106.082069950171
1944.580078125	84.5074335814999	-108.921324660582
1978.271484375	84.1273391448787	-111.970111953407
2013.427734375	83.5930949514825	-113.397270583465
2048.583984375	83.3027943209636	-113.115836194274
2084.47265625	83.2969161530521	-114.150129860402
2121.09375	83.2011234816896	-117.197648180966
2158.447265625	82.7850346462993	-120.233113336648
2196.533203125	82.4383362661556	-123.157693178425
2234.619140625	81.7958012670208	-126.188122085308
2274.169921875	81.0898048354248	-127.135784324739
2313.720703125	80.4926209805981	-127.438492164958
2354.736328125	80.0884178204331	-127.794328749797
2395.751953125	79.6712703944847	-129.271783442566
2438.232421875	79.1273208492814	-131.762223740499
2480.712890625	78.2315338882907	-134.00943794983
2523.92578125	77.0390673526758	-134.701493003031
2568.603515625	75.5745291576416	-133.080745526689
2613.28125	74.0031944101934	-126.423778209639
2659.423828125	72.9472834080825	-113.199280810071
2706.298828125	73.4492721869181	-98.356849368268
2753.173828125	74.8301052887249	-90.1428529882144
2801.513671875	76.0398138300134	-87.0858093674748
2850.5859375	76.9614698380348	-86.0769097923053
2901.123046875	78.1782073996132	-85.9049769168007
2951.66015625	79.3035946874238	-90.2669106671832
3003.662109375	79.7498890085713	-95.5828998776056
3056.396484375	80.0193004856805	-98.5326419667582
3109.86328125	80.5265019693031	-101.540578784614
3164.0625	80.9589112829299	-107.02217030957
3219.7265625	81.1062580284993	-114.230963953353
3276.123046875	80.7602262907681	-120.38220106326
3333.251953125	80.2539480981697	-123.50102563094
3391.845703125	79.879135835953	-124.069434714142
3451.171875	79.9403992504329	-124.310417234825
3511.962890625	80.2962718264311	-125.749752850955
3573.486328125	80.8051822037805	-129.656024434794
3635.7421875	81.0994212032404	-134.47737027427
3699.462890625	81.6434853496087	-140.420812072904
3764.6484375	81.9758348893233	-151.433320458173
3830.56640625	81.4523334645122	-163.170708089133
3897.94921875	80.5318052272689	-171.542801134176
3966.064453125	79.8278610109943	-179.320621825974
4035.64453125	78.6994089473708	170.994455081504
4105.95703125	77.1316585277758	165.51113606313
4177.734375	75.9290696810073	162.428417448568
4250.9765625	75.1269885814026	157.379015238085
4325.68359375	74.0248757460707	145.927571981525
4401.123046875	71.2262778722376	129.165520773921
4478.759765625	63.498585441434	126.483470438757
4557.12890625	59.0878425782767	-177.035426214679
4636.962890625	63.6118959155213	-140.702278670119
4718.26171875	67.366801675052	-128.745407039984
4800.29296875	72.42568184422	-135.490783634825
4884.521484375	74.9365644490231	-167.96269592128
4970.21484375	73.8503568836473	159.190154156286
5057.373046875	70.4795109922726	137.513936464046
5145.99609375	66.0725643749885	125.124809481292
5236.083984375	61.2529271900798	128.99478030494
5327.63671875	56.9226211215585	143.349824822831
5420.654296875	54.1521343297757	173.254010182027
5515.869140625	54.2971211300001	-156.096503518441
5612.548828125	56.1656859111201	-133.809271830976
5710.693359375	58.164841061666	-124.704502682828
5810.302734375	60.3009514081019	-115.946476636569
5912.109375	62.7917550452826	-117.268575022841
6016.11328125	64.5511799047469	-122.449835080378
6120.849609375	66.1723457963666	-134.173495161279
6228.515625	66.1782070372678	-149.759117438334
6336.9140625	65.0311385959117	-158.464842534133
6448.2421875	64.2222644287098	-162.765564258776
6561.03515625	63.2339260089624	-166.043151399909
6676.025390625	62.2692417627739	-166.974650999891
6792.48046875	61.529958864744	-166.284677865811
6911.865234375	61.1043858927516	-164.869847783676
7032.71484375	60.9844822158065	-163.586499062007
7155.76171875	61.2905508034813	-166.33818163466
7281.005859375	61.3479351371906	-173.756615688767
7408.447265625	60.5304544239189	174.441339466481
7538.0859375	58.2201868964112	160.976064372752
7669.921875	52.4117049647201	155.26755128628
7803.955078125	47.7390407767878	-161.335342400643
7940.91796875	51.3564914187935	-120.360729862017
8079.345703125	55.2385013370718	-116.149763564985
8220.703125	57.8882045876984	-121.675320832797
8364.990234375	59.1550806748733	-133.787505019601
8511.474609375	59.1873561351529	-140.956017127881
8660.15625	59.4506209821512	-148.177332769361
8811.767578125	59.3336027768935	-155.754988941691
8965.576171875	59.1825686281182	-163.637368663451
9123.046875	58.4677114124057	-171.895072335255
9282.71484375	57.4335766120964	179.010851500748
9444.580078125	55.7366742543348	176.393224673559
9610.107421875	54.7915438486386	174.019616976446
9777.83203125	53.026349404715	170.517265594223
9949.21875	51.9676498912055	170.53286733088
10123.53515625	50.3349767332228	167.040789500439
10300.78125	47.7214066043568	166.656412492923
10480.95703125	45.0843692930648	178.300633934553
10664.0625	43.9854418582189	-164.238435728446
10850.830078125	44.1759427065771	-150.326636585175
11040.52734375	45.6599308196043	-143.428259879887
11233.154296875	45.507603579514	-153.790166129439
11430.17578125	43.1570741895601	-151.371670315154
11630.126953125	42.3022403040017	-136.593260528591
11833.740234375	42.5171628448932	-124.282270279738
12040.283203125	43.1344718694784	-117.40791394509
12251.220703125	42.3936659576154	-117.212550500678
12465.087890625	41.843450901169	-97.6038935125967
12683.349609375	45.0080799690219	-88.4444985396047
12905.2734375	46.3561695401859	-102.334773318134
13130.859375	42.3886761470651	-109.957053933443
13360.83984375	41.6247057285497	-69.3278017113382
13594.482421875	47.3236408681259	-59.1673757797982
13831.787109375	49.5056821665	-69.3297496086403
14074.21875	50.5460477951434	-75.6735005289919
14320.3125	51.3206697404016	-81.9570493318636
14570.80078125	52.8264446585533	-86.8059711649699
14825.68359375	54.2087955069725	-99.2363812258738
15084.9609375	54.3587177598605	-113.258878048847
15348.6328125	54.093049992131	-130.816251770492
15617.431640625	52.3818127884901	-149.525431606848
15889.892578125	49.1650434653925	-164.25324495886
16168.212890625	44.046997337124	-160.289698253512
16450.927734375	43.3290208561335	-126.215028401246
16738.76953125	45.9486939731069	-118.313604625883
17031.73828125	45.794490555071	-115.707622244766
17329.1015625	47.4430599994632	-119.19265799151
17632.32421875	47.236903191468	-133.373596576429
17940.673828125	46.4901151040673	-140.228277294806
18254.150390625	45.1698870358066	-146.258998844483
18573.486328125	44.6446277339732	-154.857799706345
18898.681640625	42.5441447741351	-172.763396872031
19229.00390625	35.8283084813921	-38.3770516945483
19565.185546875	31.321063465032	-22.2900523101694
19907.2265625	34.8661710782125	-173.892903610954
20255.859375	37.7591556824883	-93.7759734255356
20609.619140625	38.9793605668232	-95.1407794985583
20969.970703125	40.0516802331304	-97.5824538415177
21336.9140625	40.1235682406506	-118.670000903363
21709.716796875	35.4932725624297	-96.7132294542773
22089.84375	32.0383330489958	145.267754024911
22475.830078125	34.2971705653093	-72.0134274142327
22869.140625	38.8215667860545	-79.4411993077965
23269.04296875	36.1868972780892	-99.7043201148977
23675.537109375	34.0534348160669	63.1515909309706
24089.35546875	33.4153453022348	165.034213132915
24511.23046875	37.0634815097767	-31.387804246123
24939.697265625	41.5374616478116	-60.2384441837141
25375.48828125	39.8257218218137	-138.260832661192
25819.3359375	37.4238367384416	7.86186521380079
26270.5078125	36.874534317821	82.6995669781326
26730.46875	37.3070954502506	63.2848603681651
27197.75390625	38.5310260287058	-67.6478360805143
27673.095703125	37.1563208953244	-124.536193275181
28157.2265625	37.0376759291698	14.0469625693947
28649.4140625	33.7703413170644	72.591738797932
29150.390625	34.49605592273	-50.7827239736296
29660.15625	35.830372328004	139.642277943287
30178.7109375	38.4954572260181	-47.7128117664023
30706.0546875	39.1223638335675	-65.878925250532
31242.919921875	36.3523935912779	-115.109021204823
31789.306640625	34.4403442958023	-62.967039067105
32345.21484375	34.5341881199334	-21.0928518183008
32910.64453125	34.538650272094	96.2304490022932
33486.328125	33.8208466371117	-48.614446617139
34071.533203125	34.1980062108597	-45.4082654258443
34666.9921875	34.2069509036908	-44.7445832398271
35273.4375	34.1311913811408	-40.6423564400839
35890.13671875	33.9324031351589	-39.0666196377574
36517.822265625	33.9022375044987	-33.6884315827893
37156.494140625	35.420070737341	-28.5408216733781
37806.15234375	36.3440241476204	-36.8676102168831
38466.796875	35.5363920468939	-40.6277315178775
39139.16015625	35.0534941500472	-41.5067510487174
39823.974609375	34.0569255355476	-45.6871752817592
40519.775390625	32.3085232671226	-42.4270748802545
41228.02734375	32.0613317257162	-31.9376802785084
41949.462890625	32.0613317257162	-26.7710969176144
42682.6171875	32.0613317257163	-22.6007555600203
43428.955078125	32.0613317257163	-18.8887563411918];

Data_Format = 'LeveldB_Phase';
Data_Domain = 'Frequency';
Data_AbscUnit = 'Hz';
Data_BaseUnit = 'V';
Data_xScale = 1;
Data_vScale = 1;
