CurveFormat = 6;
TDelayRemovedTRF = -0.000958333333333333;
SourceDesc = 'Fundamental + Minimal phase';
%[Hz]    dB-[V]    [deg]
Curve = [
46.875	76.2370104118942	21.3266750235629
48.33984375	76.2370104118942	23.6566340701138
49.072265625	76.2370104118942	25.0071957013543
49.8046875	76.2370104118941	27.4784867949103
51.26953125	76.8472447528917	32.6270920616494
52.001953125	77.3714794923914	33.693562688318
53.466796875	78.1896285414868	33.2182441099387
54.19921875	78.5211937153355	32.4519686073908
55.6640625	79.0258922597708	30.4831130966514
56.396484375	79.2400154947589	29.358146299412
57.861328125	79.5609212901713	27.0762830578965
58.59375	79.6508101070621	25.869167364879
60.05859375	79.7909110567468	23.6805479487785
61.5234375	79.8498879190049	21.7344652625981
62.255859375	79.8602324530379	20.9618800512529
63.720703125	79.8077267083897	19.8872064920262
65.185546875	79.8223612262903	19.5794710470296
65.91796875	79.8649151066953	19.3085772902706
67.3828125	79.9851596900182	18.8077304394654
68.84765625	80.1165490222632	17.8493371073064
70.3125	80.2027407249624	16.5859660445267
71.77734375	80.2247957475615	15.3738300649154
73.2421875	80.2409147395766	14.4175656634879
74.70703125	80.2447363108195	13.2126643515807
76.171875	80.1773685474807	12.2650617354701
77.63671875	80.1565659139273	11.8452052403791
79.1015625	80.1447368281712	11.1762483702019
80.56640625	80.109140127372	10.5331377994532
82.03125	80.0637017055498	10.0336909776702
83.49609375	80.0251516422194	9.62893549968268
84.9609375	80.0089342383665	9.301619243954
87.158203125	79.9818356258012	8.73402066367124
88.623046875	79.9567443633174	8.39682272392134
90.087890625	79.9435137113275	8.01571205512628
92.28515625	79.9260547124462	7.46949804645847
93.75	79.9029542754482	7.0634982245354
95.21484375	79.8781552020061	6.68814386182723
97.412109375	79.8323996736895	6.07195223788964
99.609375	79.7525193499763	5.45117403090916
101.07421875	79.694750264687	5.2165259595945
103.271484375	79.6179074408835	5.01101846084234
104.736328125	79.5706197412529	4.8768026942284
106.93359375	79.5057199442022	4.65359217108654
109.130859375	79.4117224866566	4.60780046581578
111.328125	79.3613109907303	4.94024774926559
113.525390625	79.3726097992211	4.98978118173832
114.990234375	79.3589460775915	4.83682879071827
117.1875	79.315806547594	4.88145453878441
119.384765625	79.3320621212164	5.0491381775969
122.314453125	79.3811576205072	4.57664685217776
124.51171875	79.3425249035672	4.01512411527238
126.708984375	79.2946354285622	3.93672767449381
128.90625	79.3101065596169	3.59498219614383
131.103515625	79.2692997993105	2.9624247703782
134.033203125	79.1567152762836	2.47609408481971
136.23046875	79.0929861024748	2.19483155172907
139.16015625	78.9620082581108	1.71875695279269
141.357421875	78.8451273681006	1.80454546656765
144.287109375	78.7630626510157	1.86338311128401
146.484375	78.6803256039609	1.78627159831857
149.4140625	78.5543610129638	1.90289860032355
152.34375	78.4924036652421	2.04304373492895
155.2734375	78.3510106289928	1.98957854233732
158.203125	78.2440206033388	2.23080031889052
161.1328125	78.1586293967005	2.47988802626933
164.0625	77.9771879005392	2.74880639979794
166.9921875	77.9091228918057	3.22666357456938
169.921875	77.8005334040637	3.81641385546947
172.8515625	77.6653116539546	4.43921606308265
176.513671875	77.5785746222069	4.91994087105787
179.443359375	77.5466054252266	5.8046910111839
182.373046875	77.4186411470303	6.26750765448803
186.03515625	77.3269116981953	6.72546851243462
189.697265625	77.2775590206315	7.89437438260573
192.626953125	77.1818231379245	8.91957849138154
196.2890625	77.0913367561416	9.61121188765776
199.951171875	77.0533649220367	10.1765125879982
203.61328125	77.0099327136565	11.2996413400199
207.275390625	76.9368927360039	12.4664513161601
210.9375	76.8095187307851	13.2900305535618
215.33203125	76.6305151585244	14.2138343286612
218.994140625	76.435678686723	15.3871638030913
222.65625	76.2493178696565	17.5617668936626
227.05078125	76.0617568151459	22.143547057918
231.4453125	76.1953587774227	27.2932917739882
235.107421875	76.5905895449638	31.5767976537008
239.501953125	77.4004466114214	34.2128658098259
243.896484375	78.0946968113479	33.7156878647274
248.291015625	78.4870953937881	32.078730921152
252.685546875	78.6381694779937	31.2474319423336
257.080078125	78.8082838006182	31.6473590598941
262.20703125	79.2497421411081	31.2546893555726
266.6015625	79.450391594479	29.577567642372
271.728515625	79.4503041777335	28.4174683470044
276.85546875	79.5262230319893	28.3407614764161
281.25	79.5878075147674	28.0811507475433
286.376953125	79.6417378242317	27.8617446061326
291.50390625	79.7459749903425	27.9897819168351
296.630859375	79.8579154454196	28.0659283577071
302.490234375	79.9694319320212	27.751389729036
307.6171875	80.0582872794622	27.4368553082002
313.4765625	80.1535197993778	27.3009729945975
318.603515625	80.2128467008405	27.4259021206653
324.462890625	80.3431617593476	27.6258198207984
330.322265625	80.5479512599418	27.1973780060468
336.181640625	80.7006938237704	26.4279809275498
342.7734375	80.8343717176004	25.3005924453168
348.6328125	80.8782211044974	24.0754615038942
354.4921875	80.8096241078944	23.1210481960048
361.083984375	80.7043783448332	22.7258716160034
367.67578125	80.6670331644778	22.7704623908954
374.267578125	80.6786400453329	22.695199731139
380.859375	80.7167203734788	22.6668420117173
387.451171875	80.8042962042807	22.2423427776699
394.775390625	80.8554313371093	21.1746422036436
402.099609375	80.7556290352158	19.8111766890306
408.69140625	80.5800404957688	19.2062961686093
416.015625	80.3953930840252	19.0488182257652
423.33984375	80.1438494725102	19.4690370285634
431.396484375	79.9239739324129	21.2488201271557
438.720703125	79.9402282906529	23.0884180780488
446.77734375	80.0994720669525	24.3351244274319
454.833984375	80.2322750610139	24.5303749368129
462.890625	80.3136866102248	24.5427783241823
470.947265625	80.3903897132869	24.1824760133863
479.736328125	80.378498365499	23.0214089771322
487.79296875	80.2048716974031	21.8962788660027
496.58203125	79.8027184161111	21.3992381732133
505.37109375	79.2926588995073	22.5469264767043
514.16015625	78.7792773191355	25.0578033334151
523.681640625	78.0847375966818	31.1595007087765
533.203125	78.4152525199248	42.2287763002521
542.724609375	79.5818232247763	47.1941870169748
552.24609375	80.5505014201535	48.6196806311872
561.767578125	81.5497322324164	48.6566431720931
572.021484375	82.3842828268359	45.2914995771758
582.275390625	82.7338871228799	42.0858360754589
592.529296875	83.030093673125	39.3063053381556
602.783203125	83.0807615244562	36.5989582279912
613.76953125	83.134394624818	35.1630369525801
624.755859375	83.1936010429185	33.2524937819466
635.7421875	83.160050640903	31.5127339568703
646.728515625	82.9756367928133	30.3182561807266
658.447265625	82.7885747947552	31.0600945292718
670.166015625	82.9201595855931	32.0627835682862
681.884765625	83.0891252388823	31.0135001560436
693.603515625	83.0086183434095	30.4574390307211
706.0546875	82.9552049036424	31.5446912276875
718.505859375	83.2776581313092	32.5656922844148
730.95703125	83.604630942421	30.751852193182
744.140625	83.5750347506275	28.7206650343989
757.32421875	83.5068716007911	27.6835576199842
770.5078125	83.3208375068582	26.5375243025021
784.423828125	82.9698982824409	28.1049756755738
798.33984375	83.150588632641	30.8044534309851
812.255859375	83.6189485074012	30.2515958756493
826.904296875	83.7195122113101	26.9619801219662
841.552734375	83.2761348492492	25.7304724114619
856.201171875	82.9863471804891	27.2519477233289
871.58203125	82.8935582120827	29.8915970521377
886.962890625	83.2064610522801	32.32621287424
902.34375	83.5096385482	31.6829899669111
918.45703125	83.3958069820419	31.20761920254
934.5703125	83.3390449780677	34.3415899270906
950.68359375	83.8737399771433	36.9549514613419
967.529296875	84.513001835221	35.8017063092776
985.107421875	84.7953121986691	33.540975414248
1001.953125	84.8725445213767	32.5189829110488
1019.53125	85.2484444111091	32.2543310443937
1037.841796875	85.5903578769328	28.2043552169855
1056.15234375	85.3062151130202	24.5665764394749
1074.462890625	84.8583432464855	23.6207591299565
1093.505859375	84.6431079427653	24.7951283434273
1113.28125	84.5625689122996	24.8966320132089
1132.32421875	84.3683068762551	25.1958460833065
1152.83203125	84.1403069423203	27.7443935067279
1172.607421875	84.3832893417559	31.5154127616701
1193.84765625	85.0642715279721	31.5880867720782
1214.35546875	85.1537333105395	29.3766898285115
1235.595703125	84.9907828624899	30.8355837074437
1257.568359375	85.5524210939661	33.4290380642203
1279.541015625	86.3929381540428	31.246883636537
1302.24609375	86.6227692318112	26.3336223609776
1324.951171875	86.4490683825047	23.2768440859497
1348.388671875	86.266423729114	20.5657873736164
1372.55859375	85.796567765513	19.2416106543253
1396.728515625	85.5195375367891	20.1273085438154
1420.8984375	85.2880801799125	20.4349452527115
1445.80078125	85.0438090614534	22.8309239292626
1471.435546875	85.2226987401816	26.1145001860025
1497.0703125	85.6581820849091	25.8607762716802
1523.4375	85.6346360881166	24.9466876524578
1550.537109375	85.7968833916387	26.2036742787125
1577.63671875	85.8221048979363	25.3914832439213
1605.46875	85.7297699174161	27.7356132528556
1633.30078125	86.2711649726331	29.7926221923927
1662.59765625	86.6546070506882	28.9497541341081
1691.89453125	86.9935286849057	29.7921304618901
1721.19140625	87.7952813505115	28.3971259927731
1751.220703125	88.1187140607037	23.2869890541726
1781.982421875	88.147011665737	20.7339775227724
1813.4765625	88.3263943480189	16.339894201148
1845.703125	87.977379513653	11.872810986344
1877.9296875	87.520095509911	9.76156798817515
1910.888671875	86.8774810268345	8.27083452311152
1944.580078125	86.4356844277811	10.0606689724908
1978.271484375	86.1473308430483	10.0766749573223
2013.427734375	85.5141639660309	13.2751969580883
2048.583984375	85.5148270302436	16.9700519966334
2084.47265625	85.4640040885212	21.9732292325159
2121.09375	86.2584382901242	26.3571435228283
2158.447265625	86.9604117445775	26.1641465291883
2196.533203125	87.6555279161133	24.2860816143711
2234.619140625	87.7908348952571	22.0162574741944
2274.169921875	88.267677771687	22.1745729233815
2313.720703125	88.5923769029458	18.1944868419418
2354.736328125	88.6592132505198	15.3534063881065
2395.751953125	88.5386047567274	11.0920683030376
2438.232421875	88.2263766673465	9.18154369660422
2480.712890625	87.7737508417677	7.96339320435981
2523.92578125	87.335649517572	9.89316644390964
2568.603515625	87.2011093984456	12.6134207099671
2613.28125	87.433870653145	15.5258831774662
2659.423828125	87.8443966475675	15.8279001255559
2706.298828125	87.976896156103	15.6701536193219
2753.173828125	88.1801244420169	17.3551712269037
2801.513671875	88.7261312220208	18.5821170594799
2850.5859375	89.3474543816003	18.3103427718966
2901.123046875	90.1378825498097	15.8770895187128
2951.66015625	90.6010921093685	11.3394019676148
3003.662109375	90.8643236066359	7.73818874303948
3056.396484375	91.1886387585782	3.52081610888141
3109.86328125	91.3973289439333	-2.21431193428427
3164.0625	91.21888768817	-9.70300453394427
3219.7265625	90.5740498355627	-15.5294474879501
3276.123046875	89.705845337057	-18.8808592433242
3333.251953125	88.9011856425933	-19.2977600090024
3391.845703125	88.27581705468	-18.7142209524889
3451.171875	87.8465089987098	-16.8596243392533
3511.962890625	87.7854501690687	-14.338580723327
3573.486328125	88.0235969218406	-13.8179619578626
3635.7421875	88.2667270626356	-17.1383283330273
3699.462890625	87.9633357616086	-21.7945390796132
3764.6484375	87.1228750130248	-23.4507788155899
3830.56640625	86.4121906791017	-22.7494743312188
3897.94921875	86.0479326669849	-20.6865226173957
3966.064453125	85.8861475686738	-18.3123670840905
4035.64453125	85.6863714797673	-16.3061327511409
4105.95703125	85.5325677980643	-15.5423950758879
4177.734375	85.4825405759657	-17.0262731403035
4250.9765625	84.872538144119	-19.8076235331661
4325.68359375	83.86811308826	-14.0038591132113
4401.123046875	84.2164921866989	-5.61831061909178
4478.759765625	84.8833915445862	-5.5455741894899
4557.12890625	84.7163760283072	-7.9052490066397
4636.962890625	84.2357828536507	-7.51184073409537
4718.26171875	83.790877115036	-3.40255668427484
4800.29296875	84.0758029746936	2.94711070149553
4884.521484375	84.6464181018859	5.26104204226186
4970.21484375	85.1147921749866	7.6590376652592
5057.373046875	86.0098060508921	7.65158804618635
5145.99609375	86.2553648440696	3.28326554668056
5236.083984375	85.9047615464483	3.18685131282637
5327.63671875	86.038892733191	4.32765783601742
5420.654296875	85.8198192015698	4.35992714640262
5515.869140625	85.6359603211613	9.90667769083318
5612.548828125	86.6610234739072	15.5637497823806
5710.693359375	87.9498761528163	13.7532962523584
5810.302734375	88.5393569390913	9.89976328205587
5912.109375	88.9988560304937	7.39599553733748
6016.11328125	89.6099870424075	2.43722190200586
6120.849609375	89.5407340219441	-4.06324492326028
6228.515625	89.1808953858499	-7.25508031202266
6336.9140625	88.8031309902193	-8.95490419570887
6448.2421875	88.5429700920046	-8.42122535373934
6561.03515625	88.6669848821448	-6.93714084619977
6676.025390625	89.2952464333753	-7.57132358490332
6792.48046875	89.6254827031932	-12.6797745849501
6911.865234375	89.4911870007654	-17.1610140331785
7032.71484375	89.1257547560451	-20.731925537038
7155.76171875	88.6908798751279	-22.4883710505685
7281.005859375	88.3508812247779	-23.8160079822976
7408.447265625	87.9483251344251	-25.0241042522407
7538.0859375	87.5088486879236	-23.3036962741376
7669.921875	87.5035786076975	-21.440027468509
7803.955078125	87.8347537814897	-20.8913401053581
7940.91796875	88.0620553067511	-24.2326809763324
8079.345703125	87.6137957115149	-27.2744797548844
8220.703125	87.1543101729985	-25.8351143937414
8364.990234375	87.3692458709347	-24.0148256162561
8511.474609375	87.7493422689654	-24.4317336650616
8660.15625	88.152145479269	-28.8717955018175
8811.767578125	87.9042884296992	-35.0007683527897
8965.576171875	87.2730310605186	-39.735520106666
9123.046875	86.2010107807331	-42.2934168043127
9282.71484375	85.2849402301775	-41.1326005543958
9444.580078125	84.4546331690994	-38.9947400739495
9610.107421875	83.5381770385502	-32.2152925243996
9777.83203125	83.7929778211632	-23.0207040926906
9949.21875	84.6810375784194	-21.624176663339
10123.53515625	84.9572814194397	-23.0121938123926
10300.78125	84.8006723643067	-23.3137656272347
10480.95703125	84.7729222659776	-20.4931349844745
10664.0625	85.1985366262825	-19.2825512369538
10850.830078125	85.4222790303545	-20.0346367136994
11040.52734375	85.6700934979296	-20.6345694116848
11233.154296875	85.5862786882088	-21.8054252874608
11430.17578125	85.665690387343	-20.6013840792853
11630.126953125	85.9244030890079	-20.6208458600732
11833.740234375	86.3048487760945	-20.8318179005638
12040.283203125	86.5529726514798	-23.9071596572799
12251.220703125	86.5279018368984	-25.6121693400639
12465.087890625	86.5672461801478	-26.2301559238643
12683.349609375	86.8473848248885	-27.1993105066203
12905.2734375	87.0929663149086	-30.7924897769236
13130.859375	87.0039373654278	-34.4621730269959
13360.83984375	86.7824977910537	-37.1724104526032
13594.482421875	86.6450501316062	-38.7645046874834
13831.787109375	86.6656334001501	-41.5399856462371
14074.21875	86.4925305693872	-46.5761777073546
14320.3125	85.8396812245651	-51.8683137694775
14570.80078125	84.9402862830549	-54.4080022214951
14825.68359375	84.0893262625044	-54.6699038050194
15084.9609375	83.1263530409243	-54.6394646266509
15348.6328125	81.9544186919936	-51.7720625767661
15617.431640625	81.2477534981334	-44.5847764031304
15889.892578125	81.276340576198	-38.224462002205
16168.212890625	81.5507830168545	-34.5118953498471
16450.927734375	81.5267736441022	-31.8584087813498
16738.76953125	81.7467488065615	-28.5194642342299
17031.73828125	82.0980376761225	-27.1311282620626
17329.1015625	82.1686744799489	-24.2213771150754
17632.32421875	82.7403049092282	-20.5577448788025
17940.673828125	83.7446548073249	-21.7769979893184
18254.150390625	84.0703663658475	-25.5778930116504
18573.486328125	84.1489844502767	-27.0915832088971
18898.681640625	84.3185523163227	-28.8896808853572
19229.00390625	84.4653164909089	-30.4072226927505
19565.185546875	84.6783024592335	-32.7106674046901
19907.2265625	84.7023723590677	-36.4738568199802
20255.859375	84.3090292559367	-39.6059617492861
20609.619140625	83.9817622143364	-40.3654381740225
20969.970703125	83.7164526163129	-41.4140438159427
21336.9140625	83.395809183902	-40.2437171563049
21709.716796875	83.4767136292036	-39.016950010186
22089.84375	83.4784229780379	-39.9307529962531
22475.830078125	83.2580500387021	-39.0518816863721
22869.140625	83.6299153772325	-36.5983314798663
23269.04296875	84.2386357848828	-38.1007161088404
23675.537109375	84.6107744525193	-40.8965952069456
24089.35546875	84.9400716167496	-44.7825635251931
24511.23046875	85.1586611235712	-49.8361413091779
24939.697265625	85.1297420523719	-56.6151141663776
25375.48828125	84.616041100414	-62.8228542727294
25819.3359375	84.051199851665	-67.2437275122303
26270.5078125	83.4081796627903	-72.1752559926126
26730.46875	82.4124642261188	-76.5142156873372
27197.75390625	81.2496265058864	-77.9184442689427
27673.095703125	80.3456794702486	-78.3303986850516
28157.2265625	79.3447121933774	-78.7189400716901
28649.4140625	78.2361263614863	-78.1250496103358
29150.390625	76.8615234232908	-76.3794827446211
29660.15625	75.3754969885795	-68.6475573866037
30178.7109375	74.8975437944014	-55.3324854288645
30706.0546875	75.6906750410804	-45.5672176478258
31242.919921875	76.6207448315946	-42.3820735611266
31789.306640625	77.3015768179767	-41.6364036916105
32345.21484375	77.9446064102954	-41.8511692638983
32910.64453125	78.4392742394663	-44.8101451493594
33486.328125	78.5749934895294	-47.7480106955143
34071.533203125	78.6560678381093	-51.1930591813376
34666.9921875	78.5113953373079	-53.8333130211887
35273.4375	78.6677130309733	-56.5967669107467
35890.13671875	78.7432828216501	-63.7315278954919
36517.822265625	77.9967142505432	-71.5765445398127
37156.494140625	76.9977072983061	-77.7014777560954
37806.15234375	75.5662938274471	-83.7800289552126
38466.796875	73.6297296919599	-87.0206282792507
39139.16015625	71.1761654441753	-87.390389707101
39823.974609375	68.4096264334406	-76.9532881776727
40519.775390625	67.4127418971221	-59.9778339290884
41228.02734375	67.4198318614717	-49.161140806325
41949.462890625	67.4198318614715	-41.2287771825074
42682.6171875	67.4198318614716	-34.5859778977249
43428.955078125	67.4198318614711	-28.7039271583003];

Data_Format = 'LeveldB_Phase';
Data_Domain = 'Frequency';
Data_AbscUnit = 'Hz';
Data_BaseUnit = 'V';
Data_xScale = 1;
Data_vScale = 1;
