CurveFormat = 5;
TDelayRemovedTRF = -0.001;
SourceDesc = 'H(f) + Minimal phase';
%[Hz]    [V/A]    [deg]
Curve = [
46.875	18.4268958081251	-3.53264266065854
48.33984375	18.4268958081251	-1.70821492895577
49.072265625	18.4268958081251	-0.660810554872251
49.8046875	18.4268958081251	1.99383465923462
51.26953125	19.9607521363777	8.37635241958511
52.001953125	21.6473423554806	10.2180710378787
53.466796875	25.6975463660106	10.6346384216142
54.19921875	28.0990601911811	9.69216175315866
55.6640625	33.6211694424461	4.60928812439176
56.396484375	36.5218577595934	0.238038651910908
57.861328125	41.4308585861773	-11.3067829599611
58.59375	42.7973340337472	-18.1176949539047
60.05859375	42.2560133174542	-32.5084482544677
61.5234375	38.3469737906582	-44.46582330022
62.255859375	35.9047846481046	-49.2501413467338
63.720703125	31.0699198561491	-55.9615673752379
65.185546875	26.9431800893099	-59.8427221195863
65.91796875	25.2212036468586	-60.8672523870543
67.3828125	22.3372655606236	-62.283884919075
68.84765625	20.0567188934255	-62.6507238828492
70.3125	18.2821983357377	-62.3886972407139
71.77734375	16.848474823642	-61.8170735930052
73.2421875	15.6608845953949	-60.993742105157
74.70703125	14.6741313598163	-60.0116510957726
76.171875	13.6449751845721	-58.6632152026521
77.63671875	13.1259858871707	-57.7757498896443
79.1015625	12.4998326827199	-56.4684675190565
80.56640625	11.9569670588803	-55.1041902498524
82.03125	11.49143771104	-53.7116101432603
83.49609375	11.0860695295866	-52.3480620945917
84.9609375	10.7200207447281	-51.0097565572756
87.158203125	10.2348172862328	-48.8756032273872
88.623046875	9.95809796047961	-47.4543795702347
90.087890625	9.72159753682276	-46.0402240781399
92.28515625	9.42163122736964	-44.162760519755
93.75	9.23427405603305	-42.9674746370449
95.21484375	9.04789670039234	-41.7392394548122
97.412109375	8.80818070671065	-39.6607434548923
99.609375	8.64156772421602	-37.8197980949007
101.07421875	8.54005612215615	-36.7774419455791
103.271484375	8.35676564040541	-35.1560090625424
104.736328125	8.24600850624657	-33.8942062520958
106.93359375	8.15184940865659	-32.1320927681839
109.130859375	8.06404073240504	-30.7611076283062
111.328125	7.92806095198202	-29.3761916592195
113.525390625	7.84811805126067	-27.5516336445428
114.990234375	7.82521872793146	-26.6151681537715
117.1875	7.75591579689482	-25.5267176535267
119.384765625	7.67052319449132	-24.0258608150421
122.314453125	7.63213549623478	-22.1724098855281
124.51171875	7.58774212488788	-21.1438495276293
126.708984375	7.53022150764333	-19.5978612124379
128.90625	7.5187087481221	-18.5544255263025
131.103515625	7.49925902258097	-17.5315575771225
134.033203125	7.46215437424497	-16.0260971170273
136.23046875	7.45645192939843	-14.8856625409864
139.16015625	7.43919499899451	-13.5772002901091
141.357421875	7.43233976568666	-12.5239870945717
144.287109375	7.44786099100364	-11.2992451139584
146.484375	7.43787015165938	-10.4022320505493
149.4140625	7.45076893322494	-9.06283605798446
152.34375	7.47710155132243	-8.08573893109729
155.2734375	7.47598136414534	-6.94476511390204
158.203125	7.52259801328284	-5.92159737694841
161.1328125	7.53161562919751	-5.102338204646
164.0625	7.56814903439205	-4.03039577979908
166.9921875	7.61066895482246	-3.4573406095612
169.921875	7.60844407419906	-2.64995754778523
172.8515625	7.6594709360165	-1.91960426949703
176.513671875	7.65061645875582	-1.13983864760132
179.443359375	7.6707321310285	-0.520194906291786
182.373046875	7.6743045444029	0.0804247705569045
186.03515625	7.67545207184219	0.98966681925613
189.697265625	7.68701901065447	1.78011995000181
192.626953125	7.68945629911963	2.56974033474672
196.2890625	7.7133008186868	3.38744381398335
199.951171875	7.71635250877713	4.31209008752463
203.61328125	7.74504302170976	5.1288597940431
207.275390625	7.75776641961378	6.10401508149941
210.9375	7.80236694907558	6.99866788628303
215.33203125	7.85428598965298	8.15515860374232
218.994140625	7.92634995799524	8.92492005316813
222.65625	7.9994869318411	9.63179876485369
227.05078125	8.10053307231675	10.158367265464
231.4453125	8.15135850618294	10.4228517946187
235.107421875	8.17592506069973	10.7027124509648
239.501953125	8.1560108904181	11.1808788994457
243.896484375	8.16515197581312	11.9970998874715
248.291015625	8.20109650638282	12.946782349388
252.685546875	8.27949172891315	13.5548758187038
257.080078125	8.33818414030046	13.8716974950852
262.20703125	8.30670757432198	14.3318586909027
266.6015625	8.30146443857461	15.1228903422438
271.728515625	8.33435047568683	16.2147976735297
276.85546875	8.38020862597894	17.1790282520466
281.25	8.44624388278103	17.8399362391174
286.376953125	8.52187789828205	18.7905882500009
291.50390625	8.57811757584548	19.4836625230788
296.630859375	8.65641027611489	20.0829924388124
302.490234375	8.75294238222767	20.9340329529192
307.6171875	8.82757243460927	21.6968999970434
313.4765625	8.9146285338503	22.3375253710878
318.603515625	9.00958219242734	22.7951429728799
324.462890625	9.12257548247203	23.4177825309029
330.322265625	9.22498954729617	24.0244659240979
336.181640625	9.29276983549443	24.5265624340872
342.7734375	9.39174199010099	25.0567024797458
348.6328125	9.48532695966689	25.460223706909
354.4921875	9.59593217360037	25.9242995712743
361.083984375	9.7180958109338	26.4495292720409
367.67578125	9.83580427409025	26.9511018980435
374.267578125	9.95372214813146	27.3533204053084
380.859375	10.0653568291089	27.7053222181278
387.451171875	10.1636496291602	27.9747730439359
394.775390625	10.2767711198184	28.2632810563409
402.099609375	10.3974165708393	28.5969554294964
408.69140625	10.4989915118604	28.8365822505048
416.015625	10.6318841526391	29.1095026192803
423.33984375	10.7627620362583	29.2661854556147
431.396484375	10.9015797789813	29.2597519199212
438.720703125	10.9843482954776	29.2878398018021
446.77734375	11.0869651238357	29.3800139320057
454.833984375	11.1903767971655	29.3817808874152
462.890625	11.2728794481338	29.3036452524178
470.947265625	11.3287819889567	29.2343326900428
479.736328125	11.3660783761806	29.2528376550644
487.79296875	11.4003007743901	29.3463402385741
496.58203125	11.4310135424415	29.4738437591627
505.37109375	11.451846498772	29.6726527636735
514.16015625	11.4856425142072	29.9415531695529
523.681640625	11.521627630559	30.0725908704887
533.203125	11.4996544052699	30.297726834707
542.724609375	11.4863882380166	30.8144981633783
552.24609375	11.510258682132	31.4112352484115
561.767578125	11.5428280259876	31.9578479858075
572.021484375	11.5797735398542	32.6450575465299
582.275390625	11.658435562407	33.3631481748056
592.529296875	11.7257791608896	33.9603911625515
602.783203125	11.8179486248876	34.6416674474864
613.76953125	11.9263050294882	35.2266120928717
624.755859375	12.0420456912829	35.8672007308544
635.7421875	12.1627709301067	36.3885007629096
646.728515625	12.2868450382382	36.9018180374811
658.447265625	12.4153457196469	37.3960154360051
670.166015625	12.5572642090397	37.854045928421
681.884765625	12.6971630759078	38.3508566257306
693.603515625	12.8277865553493	38.7058488279877
706.0546875	12.9812506086378	39.1362763158698
718.505859375	13.1263531857968	39.5434603836059
730.95703125	13.278492731721	39.9014958936554
744.140625	13.4300107958605	40.2411659658746
757.32421875	13.5869284489825	40.5633475975385
770.5078125	13.7410630816249	40.8474982325016
784.423828125	13.9048218684114	41.1643161624287
798.33984375	14.056930575475	41.423982917518
812.255859375	14.2075023242166	41.7009283103248
826.904296875	14.3645323529856	41.9847865048933
841.552734375	14.5237897837951	42.2537690454609
856.201171875	14.6728278754546	42.5407733148997
871.58203125	14.8371130573615	42.8673130699449
886.962890625	15.0123389480153	43.1508555879476
902.34375	15.1743421935638	43.4345243449621
918.45703125	15.3640483332137	43.7260225526126
934.5703125	15.5546402801363	43.9321036975878
950.68359375	15.7209385214484	44.1173703919282
967.529296875	15.9004035964679	44.3642761598848
985.107421875	16.1021251684698	44.6441248516216
1001.953125	16.286298060694	44.815947999067
1019.53125	16.480477939295	44.9570100770959
1037.841796875	16.6751470098568	45.1452538237544
1056.15234375	16.8742590583381	45.2964834608233
1074.462890625	17.0624625398604	45.4702628859207
1093.505859375	17.276527613531	45.5738160771692
1113.28125	17.4653126858882	45.6732210907006
1132.32421875	17.6252522493446	45.7980842933997
1152.83203125	17.8184085241304	45.9822828426124
1172.607421875	18.0112954854247	46.1146688681289
1193.84765625	18.2146811028933	46.2950965781182
1214.35546875	18.396824696405	46.423486290203
1235.595703125	18.5934801074853	46.5855349974428
1257.568359375	18.7853165337284	46.7539709699604
1279.541015625	18.9900693972189	46.9301583680602
1302.24609375	19.2116118695377	47.0929205553823
1324.951171875	19.409153430462	47.2271706287917
1348.388671875	19.6189408201653	47.4209283948776
1372.55859375	19.8454608165661	47.6036791709193
1396.728515625	20.083632706799	47.7742095208006
1420.8984375	20.3121591897234	47.9013569865586
1445.80078125	20.5588713874039	48.049083491044
1471.435546875	20.7994274338176	48.143155833016
1497.0703125	21.0505779761381	48.2394396473886
1523.4375	21.2889133561237	48.3300128290948
1550.537109375	21.548799439502	48.4063751705629
1577.63671875	21.7949062807063	48.4629111369523
1605.46875	22.0392880968975	48.4585746549021
1633.30078125	22.2553973029251	48.452914806824
1662.59765625	22.4601054384452	48.523674644841
1691.89453125	22.6882404283808	48.6242558600462
1721.19140625	22.8927309989688	48.736259142608
1751.220703125	23.1029441034438	48.8825346144758
1781.982421875	23.3361080374595	49.0619548592574
1813.4765625	23.5812836789905	49.2584481941485
1845.703125	23.8476482977479	49.4762975910724
1877.9296875	24.1233245410584	49.676509020805
1910.888671875	24.4300173189688	49.8501530574015
1944.580078125	24.736512653464	49.9521537011783
1978.271484375	25.019670273176	50.0765836391676
2013.427734375	25.3539690360005	50.2036655240697
2048.583984375	25.6694460606993	50.2700047172286
2084.47265625	25.9939908905442	50.3360452876279
2121.09375	26.3234177546737	50.3834618291944
2158.447265625	26.6377885056043	50.4108895465376
2196.533203125	26.9441433489102	50.4367968108641
2234.619140625	27.2455657133745	50.5045567870846
2274.169921875	27.5914318013385	50.5974184904778
2313.720703125	27.9329019741174	50.6224495830874
2354.736328125	28.2715181665817	50.5827121281409
2395.751953125	28.5839666114912	50.6281175187879
2438.232421875	28.9194626769341	50.6690458214181
2480.712890625	29.2588535622483	50.7012584306621
2523.92578125	29.6133266677616	50.7393752290217
2568.603515625	29.9726803247746	50.7558935757658
2613.28125	30.3406155156907	50.776186562535
2659.423828125	30.7215223136756	50.7628666716972
2706.298828125	31.0816464642586	50.7520201573135
2753.173828125	31.453991163126	50.711344464331
2801.513671875	31.8075234321954	50.6917202283619
2850.5859375	32.1797850949609	50.669717764024
2901.123046875	32.5467385036522	50.6449747154291
2951.66015625	32.9342816001503	50.6207033604084
3003.662109375	33.3360466259222	50.5750684323515
3056.396484375	33.7235818524997	50.4957626521438
3109.86328125	34.1093738556175	50.4203578062467
3164.0625	34.4641539787444	50.2849862958829
3219.7265625	34.7700535935523	50.2596735845883
3276.123046875	35.1106025102421	50.3090618223477
3333.251953125	35.5061087811592	50.3598098795489
3391.845703125	35.9211112468379	50.3524068845307
3451.171875	36.3308685456552	50.3835387992282
3511.962890625	36.7905371999452	50.3933830607341
3573.486328125	37.2658959448714	50.3050138972477
3635.7421875	37.7180511996171	50.1566379848951
3699.462890625	38.0853650610379	49.9986684626908
3764.6484375	38.4457320931444	49.9584240636765
3830.56640625	38.8269690132066	49.9760620334248
3897.94921875	39.2991998972541	49.9714834693464
3966.064453125	39.7217044600737	49.9007551321679
4035.64453125	40.1586934638218	49.9027965869079
4105.95703125	40.6344808341327	49.8754199876669
4177.734375	41.1037823439092	49.8154930051946
4250.9765625	41.5811576987541	49.7527461712949
4325.68359375	42.0450168135978	49.6533347197522
4401.123046875	42.4800266515556	49.5605360138857
4478.759765625	42.982852707639	49.5072649036517
4557.12890625	43.4720843108197	49.388968371014
4636.962890625	43.9432710404676	49.3063359451108
4718.26171875	44.3836047421958	49.2389792900132
4800.29296875	44.8993373394128	49.2121055295372
4884.521484375	45.4037471782244	49.0902082139313
4970.21484375	45.8925994707399	48.9977252689879
5057.373046875	46.4145343398402	48.9074139016513
5145.99609375	46.9247199394403	48.7691353247175
5236.083984375	47.4288325202961	48.6634217917468
5327.63671875	47.9094836656618	48.5568039207948
5420.654296875	48.4360702507409	48.4575114570569
5515.869140625	48.9458198962876	48.3365463186266
5612.548828125	49.4431725981899	48.2866733674654
5710.693359375	50.0006542064795	48.1662972535814
5810.302734375	50.5476506732948	48.1241625080979
5912.109375	51.1560650193048	47.9417494810503
6016.11328125	51.6466405415392	47.7609670067997
6120.849609375	52.2190224086992	47.7149601539009
6228.515625	52.7851186874913	47.5363696245253
6336.9140625	53.2852724992068	47.3860671684461
6448.2421875	53.8677638680976	47.2871977911496
6561.03515625	54.4619591571407	47.1268596851622
6676.025390625	54.9800182683238	46.9893776666531
6792.48046875	55.5235611161816	46.9017159812947
6911.865234375	56.0950373928551	46.7987788162394
7032.71484375	56.7371201424519	46.6868382857766
7155.76171875	57.3233927161692	46.4928320052804
7281.005859375	57.9300573941027	46.3417669298185
7408.447265625	58.5392969028937	46.1512855344622
7538.0859375	59.0811916556144	46.0130435805304
7669.921875	59.6580900760425	45.8774552710717
7803.955078125	60.3026801910024	45.7742246447205
7940.91796875	60.9025242116275	45.5834292416152
8079.345703125	61.4904980884848	45.4320983794085
8220.703125	62.0517996894223	45.2996554907626
8364.990234375	62.7929007981476	45.233828970559
8511.474609375	63.4442293817602	44.9636298627329
8660.15625	64.0290447026022	44.8381191398679
8811.767578125	64.6965236890831	44.6533560884145
8965.576171875	65.2950392834611	44.5097125701367
9123.046875	65.9854563543964	44.318106054406
9282.71484375	66.5948412501122	44.1374649562132
9444.580078125	67.2400570840935	43.9968607614393
9610.107421875	67.9032885075696	43.8387422662239
9777.83203125	68.5408179623488	43.6504848935807
9949.21875	69.2275806932554	43.4735756717846
10123.53515625	69.9038410612729	43.3165293901602
10300.78125	70.5699087687989	43.2023680412607
10480.95703125	71.3366895054705	43.0035637820812
10664.0625	72.0110243378822	42.7981631088959
10850.830078125	72.7275716326741	42.6100514664262
11040.52734375	73.3594287065788	42.4320040408806
11233.154296875	74.1077990274944	42.2444993315441
11430.17578125	74.7619049020876	42.0666650383549
11630.126953125	75.6016985456825	41.9286800318718
11833.740234375	76.2823865977036	41.6558011780694
12040.283203125	76.9597050947639	41.5125774285938
12251.220703125	77.7610588895087	41.3204711597345
12465.087890625	78.4938025129909	41.1308233822868
12683.349609375	79.1918899547086	40.9637498030432
12905.2734375	79.9479356882253	40.829439071018
13130.859375	80.8533246773876	40.5970785532563
13360.83984375	81.5998168841959	40.3648873604688
13594.482421875	82.3392788549031	40.1476863431694
13831.787109375	83.1862820750843	39.9415532183132
14074.21875	83.9243752125108	39.7128065264789
14320.3125	84.8023011847693	39.5650304469085
14570.80078125	85.7855608470602	39.2859066709695
14825.68359375	86.4782131654357	38.9260812512484
15084.9609375	87.0831711616143	38.7071883438044
15348.6328125	87.8346056301202	38.6269007024055
15617.431640625	88.9160599864403	38.4650263948584
15889.892578125	89.789959043725	38.2030852930502
16168.212890625	90.6636056119029	37.9623536814303
16450.927734375	91.502417317345	37.6677995923756
16738.76953125	92.3963438857057	37.4812039005159
17031.73828125	93.3672301329686	37.2356147073115
17329.1015625	94.1369134591998	36.9967399016631
17632.32421875	95.0649140518485	36.7351798736818
17940.673828125	96.000242945034	36.5528262465782
18254.150390625	97.0951540269239	36.2956463081832
18573.486328125	98.0316845621655	36.0111144212862
18898.681640625	99.0975960923979	35.824094301504
19229.00390625	100.151186377756	35.3955368899467
19565.185546875	100.91252230119	35.1143161754556
19907.2265625	102.037775795312	34.8568776832044
20255.859375	103.203121959681	34.5221598068233
20609.619140625	104.171045187027	34.1586564992439
20969.970703125	105.052106608993	33.8939383801506
21336.9140625	106.161930885916	33.6388133550473
21709.716796875	107.236958124119	33.3142319654378
22089.84375	108.320234918238	33.0283863393803
22475.830078125	109.557358605012	32.654813177175
22869.140625	110.58246585543	32.224510376516
23269.04296875	111.533926932979	31.8819705996483
23675.537109375	112.704233111915	31.6314622523001
24089.35546875	114.017421165755	31.3693808596445
24511.23046875	115.378939582819	30.9670664159694
24939.697265625	116.458713695855	30.4649053052933
25375.48828125	117.725714771903	30.0164959632671
25819.3359375	118.88988734534	29.778114759125
26270.5078125	120.455046512846	29.2700718403969
26730.46875	121.712652285116	28.7024514933047
27197.75390625	122.784219163975	28.2766405049985
27673.095703125	124.129999328125	27.9392017362846
28157.2265625	125.5603899545	27.464217337164
28649.4140625	126.943571758985	26.8859321364827
29150.390625	128.102903171891	26.4143788963278
29660.15625	129.794268454023	25.9888783462291
30178.7109375	131.293694073727	25.3480140077101
30706.0546875	132.805261519033	24.7125153972977
31242.919921875	134.185364287919	24.1683134158419
31789.306640625	135.77042874693	23.6583957112439
32345.21484375	137.563596470513	22.9912771365269
32910.64453125	139.060811065471	22.3424037173265
33486.328125	140.761653326451	21.5954141622472
34071.533203125	142.592408696963	20.7773593075719
34666.9921875	144.016464755354	19.9784813661629
35273.4375	145.699574594199	19.2321318589702
35890.13671875	147.888196330873	18.4184684884672
36517.822265625	150.106763607178	17.3156773643956
37156.494140625	151.99210707444	16.223509135612
37806.15234375	153.888518067154	14.9699859544617
38466.796875	155.374736958607	13.5915376495219
39139.16015625	157.477050593701	11.9044207528944
39823.974609375	156.729502784336	9.36972147079107
40519.775390625	153.085581186787	8.22772009330135
41228.02734375	152.742853067524	7.84631561489297
41949.462890625	152.742853067524	7.03553569122167
42682.6171875	152.742853067524	6.16716815238591
43428.955078125	152.742853067522	5.28231688803196];

Data_Format = 'Ampl_Phase';
Data_Domain = 'Frequency';
Data_AbscUnit = 'Hz';
Data_BaseUnit = '';
Data_xScale = 1;
Data_vScale = 1;
Data_LevelType = 'Impedance10';
