CurveFormat = 6;
TDelayRemovedTRF = 0.00195833333333333;
SourceDesc = 'Fundamental + Minimal phase';
%[Hz]    dB-[V]    [deg]
Curve = [
46.875	77.4171090826218	21.3639427178853
48.33984375	77.4171090826218	23.7931181651911
49.072265625	77.4171090826218	25.2429685342614
49.8046875	77.4171090826218	27.7074501053572
51.26953125	78.0105569079176	33.24453205352
52.001953125	78.5478633796862	34.6482601165565
53.466796875	79.4494692957165	34.3231767693298
54.19921875	79.8194500492526	33.5836344651058
55.6640625	80.3804559818511	31.6170504528531
56.396484375	80.6103072128431	30.3814750113641
57.861328125	80.9791904427837	27.9690961779515
58.59375	81.0829757996359	26.7106635758942
60.05859375	81.2412189728961	24.4202526493231
61.5234375	81.3303349004879	22.4049842270686
62.255859375	81.3436212804979	21.5939667429771
63.720703125	81.3362898338305	20.4757941410126
65.185546875	81.3815000420145	19.8392167281312
65.91796875	81.4155018493952	19.5412085270452
67.3828125	81.5511952099919	19.0642783452785
68.84765625	81.7003639690128	17.9518549963229
70.3125	81.7964385868521	16.6518896602753
71.77734375	81.8425620370062	15.405616151042
73.2421875	81.8894922313677	14.3497070367334
74.70703125	81.9038571627033	13.0304610329798
76.171875	81.8603087774538	11.9817079049778
77.63671875	81.8576383042226	11.4720624682508
79.1015625	81.8639144711052	10.7276254397614
80.56640625	81.8504033398691	9.9196916322609
82.03125	81.821338606598	9.27602309742894
83.49609375	81.7857910109961	8.7721598174335
84.9609375	81.7847440955965	8.35332884849903
87.158203125	81.7699374618782	7.58638649023077
88.623046875	81.7569457961452	7.19333835841208
90.087890625	81.7527519223793	6.77604263037538
92.28515625	81.7406435773269	6.00422460945911
93.75	81.7203779030985	5.61852920659495
95.21484375	81.7077109895619	5.2947210291904
97.412109375	81.7052867769005	4.57585532717198
99.609375	81.6381977667976	3.79763539000804
101.07421875	81.5834492467793	3.56242051753433
103.271484375	81.5326759943173	3.39571813232872
104.736328125	81.5120167931931	3.23986111888068
106.93359375	81.4706174264871	2.9404496330451
109.130859375	81.4105799909017	2.91970683901277
111.328125	81.4072268491276	3.1678649867074
113.525390625	81.4537471112926	3.14175376683154
114.990234375	81.4641911616174	2.95813284342189
117.1875	81.4712225757125	2.92420305906172
119.384765625	81.537699440375	2.95032377708624
122.314453125	81.6403856095464	2.26056694020808
124.51171875	81.6469843233997	1.64355697366583
126.708984375	81.6811413933282	1.24071593639131
128.90625	81.7133976670748	0.639941408084407
131.103515625	81.7059411618105	-0.179898399158565
134.033203125	81.6481755044672	-0.897259599846057
136.23046875	81.620487301041	-1.41048341302775
139.16015625	81.5464144077889	-2.05268220099993
141.357421875	81.4803483991607	-2.27422870794143
144.287109375	81.4377310632043	-2.48637193498374
146.484375	81.4108673132462	-2.78088119999813
149.4140625	81.3530744392123	-3.05356875984284
152.34375	81.3191880507704	-3.25300782334443
155.2734375	81.270763290631	-3.62700421543152
158.203125	81.2122461524861	-3.81453427501239
161.1328125	81.1696251443235	-4.10647369317779
164.0625	81.0774628691025	-4.37747341734268
166.9921875	80.9987849467383	-4.25486997927128
169.921875	80.9395592215515	-4.23561536251905
172.8515625	80.8765098985325	-4.03424256324379
176.513671875	80.8328294506767	-3.88288374287678
179.443359375	80.7828319764124	-3.69958008292749
182.373046875	80.7494070285206	-3.51812713941524
186.03515625	80.6891527004809	-3.24575224865986
189.697265625	80.6452987183464	-2.65109646205969
192.626953125	80.634027912008	-2.29852807078002
196.2890625	80.6394927845903	-1.75231700492926
199.951171875	80.6614862217136	-1.35928345965801
203.61328125	80.6712439045106	-0.950562665222742
207.275390625	80.683836064065	-0.70258374821958
210.9375	80.6661434864936	-0.393959554117829
215.33203125	80.602594320083	0.289258766292476
218.994140625	80.5612546386418	1.59285236940016
222.65625	80.5867821361985	3.35041293497155
227.05078125	80.851786763557	6.02126755160316
231.4453125	81.2890170295587	7.62542022513661
235.107421875	81.7782437210347	7.72876010537675
239.501953125	82.293739086525	6.09168555046147
243.896484375	82.5699407245144	3.67613744277054
248.291015625	82.6669528687154	1.14874240982211
252.685546875	82.5821691743716	-0.401002464003304
257.080078125	82.5358863834624	-0.504107852550999
262.20703125	82.7241507529271	-0.810571899231885
266.6015625	82.8524763137013	-1.92176113909086
271.728515625	82.8952623874157	-3.30392734150588
276.85546875	82.9123657958288	-4.1568117636129
281.25	82.9212812314977	-4.4918349428495
286.376953125	83.0140517354347	-4.74187517343246
291.50390625	83.2418639659464	-5.38896716737786
296.630859375	83.3904212447292	-6.85448238972898
302.490234375	83.4323694122338	-8.55002629699486
307.6171875	83.4817897598888	-9.76521445577031
313.4765625	83.5781186062894	-10.9847638916095
318.603515625	83.6610519424872	-12.2487654471314
324.462890625	83.7153693120328	-14.282952372888
330.322265625	83.6758481038306	-16.5370307705189
336.181640625	83.6203711866368	-18.1841473580497
342.7734375	83.5411315432803	-20.0381737920721
348.6328125	83.4222217329696	-21.675589996839
354.4921875	83.210106330189	-23.0746918935139
361.083984375	82.9571447848927	-23.8353454053016
367.67578125	82.8053297943444	-24.086752343257
374.267578125	82.7398357156526	-24.478375821609
380.859375	82.7191953813561	-25.1267598800144
387.451171875	82.7298053697258	-26.21037841582
394.775390625	82.6464498175148	-28.1861336974036
402.099609375	82.3395975102615	-29.9794761421145
408.69140625	82.0092835634324	-30.3904442918478
416.015625	81.6966064930116	-30.0429651495877
423.33984375	81.4434945662014	-28.8934680405519
431.396484375	81.4099833974002	-27.1945812223623
438.720703125	81.476888677987	-26.9138059134385
446.77734375	81.4601863526219	-26.9573660891187
454.833984375	81.4618270834788	-26.7452732775844
462.890625	81.5031464013692	-26.7770305606562
470.947265625	81.5398722014908	-27.2559893768806
479.736328125	81.4984257282434	-28.2170099368651
487.79296875	81.3555374659231	-28.7844914479172
496.58203125	81.1636617635595	-28.6497256491534
505.37109375	80.9784840824714	-28.0822133825762
514.16015625	80.7515272639504	-26.0404869440463
523.681640625	80.9765565742934	-21.9583577483561
533.203125	81.6452256259978	-21.6309550819489
542.724609375	81.8891146118295	-22.887252675669
552.24609375	82.1847057039646	-22.9757577351017
561.767578125	82.5866406611366	-24.6129032337128
572.021484375	82.8069538463059	-27.3564555870355
582.275390625	82.8581505101013	-29.8923458732355
592.529296875	82.8651870921292	-31.7241171391047
602.783203125	82.8711927580283	-33.4468257237356
613.76953125	82.8880042271769	-35.0520829219928
624.755859375	82.9366205558143	-37.0793150456492
635.7421875	82.9222507449749	-39.5768249164876
646.728515625	82.7636454154279	-42.2897869045352
658.447265625	82.3943495472595	-43.8910081376292
670.166015625	82.166373182591	-43.9785250195817
681.884765625	82.1109589936557	-44.4994735505674
693.603515625	82.0670739697576	-45.1650472511472
706.0546875	82.0576213764337	-46.5356671624762
718.505859375	81.9192852337955	-48.6110217053112
730.95703125	81.6222525164929	-49.7890018585581
744.140625	81.3856731017541	-50.3158885521301
757.32421875	81.0944761482201	-50.551236807752
770.5078125	80.8985916926792	-49.4399139172516
784.423828125	81.0050179820669	-49.2514349145728
798.33984375	80.8616559397871	-50.5005852048205
812.255859375	80.6466722748585	-49.7680261854422
826.904296875	80.642332688149	-49.5869294363956
841.552734375	80.4506622811797	-49.0801552513049
856.201171875	80.5069853967455	-47.2732533768452
871.58203125	80.7377720001757	-47.0127117733273
886.962890625	80.8121893585687	-47.0764589997174
902.34375	80.9509282053094	-46.4099343341367
918.45703125	81.2767328975282	-46.1963036286596
934.5703125	81.6397110877993	-47.2064262137813
950.68359375	81.9269316416136	-48.8387640541335
967.529296875	82.1184165461142	-51.3169314963303
985.107421875	82.1846872288783	-53.452009360073
1001.953125	82.3167888499398	-55.111514959796
1019.53125	82.4259333964309	-57.4584812901449
1037.841796875	82.4508872590657	-60.1613068647522
1056.15234375	82.3442386075863	-62.3560202310244
1074.462890625	82.2726015249758	-63.0661126047591
1093.505859375	82.4866156372405	-64.0111404102212
1113.28125	82.6828439834125	-66.8978035963127
1132.32421875	82.7060140643251	-70.0090845692667
1152.83203125	82.5994828440807	-72.2914582606381
1172.607421875	82.736948046036	-73.9172235624402
1193.84765625	82.9120807621368	-78.5399889629636
1214.35546875	82.6722172076635	-82.9415441851699
1235.595703125	82.2713911719989	-85.7250567207397
1257.568359375	82.1160336131586	-86.5865356830645
1279.541015625	82.1987900456184	-90.2370081704242
1302.24609375	81.6654221600485	-94.5237626714506
1324.951171875	81.243611994594	-95.052435677486
1348.388671875	81.0990141609791	-96.3995939352181
1372.55859375	80.9329405641714	-97.9512905282962
1396.728515625	80.861051779659	-100.090580833471
1420.8984375	80.658619340578	-102.86572309057
1445.80078125	80.3503986561631	-105.352107157067
1471.435546875	80.041862679291	-107.004895665422
1497.0703125	79.8157950012391	-108.213354784982
1523.4375	79.68321622369	-109.771035121213
1550.537109375	79.5573515944267	-111.211502625247
1577.63671875	79.6420207548834	-113.211056621757
1605.46875	79.745709747908	-117.82956098617
1633.30078125	79.5609810738713	-122.985897272621
1662.59765625	79.2419739113998	-128.572530626245
1691.89453125	78.6647225225952	-135.72874005803
1721.19140625	77.6898149746236	-141.883461152107
1751.220703125	76.3578204293367	-146.981376841903
1781.982421875	74.601933066389	-149.992285360804
1813.4765625	72.5336232595302	-147.027270410895
1845.703125	70.9958442970713	-138.458396874756
1877.9296875	70.2049826638245	-127.506661705089
1910.888671875	70.5888629161207	-115.021761797272
1944.580078125	71.8598832220119	-110.965498303746
1978.271484375	72.3657260665331	-112.639677384389
2013.427734375	72.5649814425376	-112.928088250764
2048.583984375	72.6820615773819	-114.009028582368
2084.47265625	72.7845572391127	-113.657358040479
2121.09375	73.1371644550341	-115.286558486771
2158.447265625	73.0271792971349	-118.745729661109
2196.533203125	72.6829556572394	-119.502523550181
2234.619140625	72.6099955586961	-119.473226220607
2274.169921875	72.6087695104219	-120.393331211031
2313.720703125	72.7629006561835	-120.840031602229
2354.736328125	73.0209268966759	-124.02551543913
2395.751953125	72.8280245136418	-130.056440160778
2438.232421875	71.6511170063792	-135.070262161455
2480.712890625	70.3531416854423	-131.854906417242
2523.92578125	69.7501477526097	-124.749338038598
2568.603515625	70.0474579229297	-117.036474435149
2613.28125	70.8045514890539	-113.147005019987
2659.423828125	71.9392122082017	-111.278133675396
2706.298828125	72.9758648409059	-114.70998879588
2753.173828125	73.5273891700301	-119.955800951659
2801.513671875	73.5457948940659	-123.990931909205
2850.5859375	73.9815080670952	-125.374650936519
2901.123046875	74.6407098283309	-130.106637754759
2951.66015625	75.0377301225629	-136.612628299474
3003.662109375	75.2384208149215	-142.891478350823
3056.396484375	75.6019127463837	-148.964845871727
3109.86328125	76.0972467549987	-156.496501577556
3164.0625	76.6582825196756	-168.452374046339
3219.7265625	76.412379215291	173.455331296301
3276.123046875	74.8511787788662	155.519343991724
3333.251953125	72.1795920451969	142.185588725928
3391.845703125	68.6254415697688	135.856135080403
3451.171875	64.3015505795235	143.384264611515
3511.962890625	62.1803232775932	175.760706025305
3573.486328125	65.3482486904261	-158.631853826571
3635.7421875	69.6698096172843	-163.753378103441
3699.462890625	71.7822560470051	172.712019460436
3764.6484375	71.0329784639617	148.406733249084
3830.56640625	68.9113234919306	132.131921516208
3897.94921875	66.5073179542757	125.101040087195
3966.064453125	64.6719337817932	121.121906553351
4035.64453125	62.4809264636931	117.498473543734
4105.95703125	60.4648981239919	118.765891719285
4177.734375	58.8604389709089	120.305015590506
4250.9765625	57.3716019391867	125.318437162097
4325.68359375	56.6111552145401	129.647963048246
4401.123046875	55.7533195145257	130.958654371227
4478.759765625	54.846921751446	132.796892977125
4557.12890625	54.0854881490536	135.183040320909
4636.962890625	53.688931188424	135.361289834989
4718.26171875	52.8997804476367	132.479805653625
4800.29296875	51.4675463279976	129.78508445003
4884.521484375	49.7924016049649	131.508442401536
4970.21484375	48.3641402081895	133.743993907673
5057.373046875	46.7514365387822	138.905849506416
5145.99609375	46.0437723772193	143.533147316374
5236.083984375	44.1375248106821	145.241808121397
5327.63671875	42.5106570253268	154.993509210226
5420.654296875	40.7383702387607	166.187924903011
5515.869140625	40.8138732631969	-170.769681659281
5612.548828125	42.1170074727005	-165.851947504936
5710.693359375	42.0406963894492	-160.605244463903
5810.302734375	43.0096736865341	-154.645408134803
5912.109375	43.0568902072406	-154.85565961514
6016.11328125	43.4037346361861	-147.270711469691
6120.849609375	44.8685017513203	-148.942658295256
6228.515625	45.0535903196652	-159.686801245656
6336.9140625	44.2887515907805	-173.362200066169
6448.2421875	39.9352004184571	176.941615982788
6561.03515625	34.6695939380212	-155.837206287095
6676.025390625	35.6748673111436	-111.489921840536
6792.48046875	40.2065916555685	-93.5373054324947
6911.865234375	43.3717685216719	-95.5515354288087
7032.71484375	45.8158236063299	-102.143207478963
7155.76171875	47.3637396371673	-114.339332276329
7281.005859375	47.8259690178854	-132.279163072458
7408.447265625	46.6847512929384	-146.506656019369
7538.0859375	45.2353378198949	-156.926730741763
7669.921875	42.0486539841131	-165.09954330137
7803.955078125	38.120612460338	-158.912911472267
7940.91796875	35.7231611230001	-131.465267700859
8079.345703125	37.7537629641449	-102.347401528476
8220.703125	40.813602726582	-94.6213392647166
8364.990234375	43.077100643134	-101.204603932091
8511.474609375	43.9081817015706	-113.121155839634
8660.15625	43.7899778179921	-121.647567136188
8811.767578125	43.6753899464628	-130.495579731985
8965.576171875	42.6338966341346	-142.208505184225
9123.046875	39.9609394937369	-150.292012538745
9282.71484375	35.900271899205	-143.468694645961
9444.580078125	32.7660674433721	-96.403700177226
9610.107421875	34.0469438744976	-74.8308421647095
9777.83203125	38.720676617	-65.0733680331116
9949.21875	42.1703430625508	-74.0864047332794
10123.53515625	43.5388473208308	-87.3946647121112
10300.78125	43.6828371028879	-98.6671577467553
10480.95703125	43.142658084672	-104.288231574726
10664.0625	43.2204420188907	-107.598713239767
10850.830078125	43.3132898621557	-113.739053106024
11040.52734375	42.793873632455	-119.904236826876
11233.154296875	42.2791689651492	-125.415067536438
11430.17578125	41.7254898615527	-133.543810928398
11630.126953125	40.5230350862355	-141.322828146782
11833.740234375	38.5216090490348	-149.472610186535
12040.283203125	34.6805073202045	-147.80420165188
12251.220703125	32.3903822590732	66.9877363002559
12465.087890625	31.5562473788657	-24.7712467520797
12683.349609375	31.6266528000161	-142.119080050088
12905.2734375	33.4927202196294	-90.413103228091
13130.859375	33.3175741171029	-94.7454249119252
13360.83984375	32.4163328756157	-86.2989438535228
13594.482421875	33.2169113484528	-73.607946036033
13831.787109375	34.0939503761711	132.5740737939
14074.21875	34.934578378315	-69.5153467415746
14320.3125	35.3802263539988	12.9387331249189
14570.80078125	35.8570742389932	-124.770201664656
14825.68359375	38.0627678158425	-60.0292352285716
15084.9609375	39.150337953833	-69.885893905992
15348.6328125	40.2754986479364	-75.952292475042
15617.431640625	40.5137051344071	-89.841449982046
15889.892578125	40.138212437989	-103.557322003572
16168.212890625	38.474703342439	-111.5643193423
16450.927734375	36.6912714481075	-121.900191000345
16738.76953125	33.6021480987804	-11.5659671942869
17031.73828125	30.5040215592241	35.1161434839384
17329.1015625	30.1116399108305	126.565482870608
17632.32421875	30.1100509237142	-11.0518711664366
17940.673828125	30.5612583168842	137.438953563195
18254.150390625	30.2478113823399	-75.0907554064581
18573.486328125	29.3623942447142	-22.4285346093576
18898.681640625	29.9442378865206	-63.9454512523043
19229.00390625	31.193376631389	-64.7747653538846
19565.185546875	31.1324302934959	-68.4487273849788
19907.2265625	30.3518432367855	45.2268720688989
20255.859375	29.4708030889663	-92.0128085166912
20609.619140625	29.8362905324158	-55.2647723477753
20969.970703125	30.1526940581788	-53.6793671184987
21336.9140625	30.3064900864566	-52.5371006856088
21709.716796875	30.1180996162334	-164.478058310093
22089.84375	29.8029755582129	-16.3926665100607
22475.830078125	30.1577583417248	-42.374772330091
22869.140625	30.5751615550866	-42.5319072666064
23269.04296875	30.5088581371091	-41.1896338430672
23675.537109375	30.081157763407	-37.9664838177496
24089.35546875	30.487141442051	-34.2806909753882
24511.23046875	30.8012365863235	-34.9693830042007
24939.697265625	30.9292032141622	-32.5486697598587
25375.48828125	30.9374080500231	-34.6985192968801
25819.3359375	30.616188966456	-31.9732266253884
26270.5078125	30.6412598672007	-28.9932538137576
26730.46875	30.9860866728779	-28.5248787824104
27197.75390625	30.8501794947535	-27.8616166479824
27673.095703125	30.6054386953781	-24.8863848653735
28157.2265625	30.7691703667895	-22.5681420764069
28649.4140625	31.2194365498196	129.201969382359
29150.390625	31.3221264947224	-22.4577385950278
29660.15625	31.0904219158958	155.322944971074
30178.7109375	31.0128413381495	-19.2527372843869
30706.0546875	30.7642483436421	-15.8027954477331
31242.919921875	31.2369236286265	-14.003872245187
31789.306640625	31.117600678191	124.767840807892
32345.21484375	31.0680728320985	-16.151729913511
32910.64453125	31.274820208574	-8.47224713381671
33486.328125	31.6450740248446	-6.68116447584407
34071.533203125	32.0540674112358	-7.23894158009905
34666.9921875	31.9612292755542	-5.7333049254528
35273.4375	32.2132987425747	-5.552750462201
35890.13671875	32.1033215818904	-106.326856964406
36517.822265625	31.9728553259398	39.2031199168375
37156.494140625	31.8955593028834	-2.20260745805119
37806.15234375	32.2543198981358	0.774712996619745
38466.796875	32.365141589128	2.28669234822876
39139.16015625	32.4199237663979	5.24214607705855
39823.974609375	33.0907493715651	10.0491026637548
40519.775390625	34.2479600754183	7.92404366323017
41228.02734375	34.3145154580644	3.67634944632746
41949.462890625	34.3145154580644	2.18684456583346
42682.6171875	34.3145154580645	1.33880498143508
43428.955078125	34.3145154580645	0.805762865537104];

Data_Format = 'LeveldB_Phase';
Data_Domain = 'Frequency';
Data_AbscUnit = 'Hz';
Data_BaseUnit = 'V';
Data_xScale = 1;
Data_vScale = 1;
