CurveFormat = 6;
TDelayRemovedTRF = 0.00195833333333333;
SourceDesc = 'Fundamental + Minimal phase';
%[Hz]    dB-[V]    [deg]
Curve = [
46.875	78.897152317526	19.7010642061769
48.33984375	78.897152317526	21.9416132673398
49.072265625	78.897152317526	23.2410449547835
49.8046875	78.897152317526	25.6352585136111
51.26953125	79.4876629896862	30.5791709701819
52.001953125	79.9848430282982	31.6835940753777
53.466796875	80.803312102769	31.3961021455404
54.19921875	81.1547209309049	30.5500071962825
55.6640625	81.6502097313979	28.4746644284324
56.396484375	81.8511596522236	27.317920642503
57.861328125	82.16485032715	24.9000460951863
58.59375	82.2493255595822	23.6933066862175
60.05859375	82.3674566288952	21.5263251998501
61.5234375	82.4152477685775	19.5476989779819
62.255859375	82.397549207679	18.7509822062324
63.720703125	82.3366531251394	17.8653634994679
65.185546875	82.3578120092191	17.5702954710614
65.91796875	82.3979135921353	17.3953350147374
67.3828125	82.5195330352364	16.9368769110695
68.84765625	82.6461425184633	15.9069863715061
70.3125	82.7071480681848	14.7292590988852
71.77734375	82.7326345436402	13.6549824428162
73.2421875	82.7485197541608	12.760431388702
74.70703125	82.7458780600993	11.6622261905253
76.171875	82.6830982016688	10.8191048407115
77.63671875	82.6660664396076	10.4578599404442
79.1015625	82.6588230848001	9.93162949489538
80.56640625	82.6364257256467	9.34025718945972
82.03125	82.6030122280383	8.89715720696309
83.49609375	82.5664882317041	8.61357766829184
84.9609375	82.5658132024257	8.36852305828589
87.158203125	82.560241312136	7.91418778431542
88.623046875	82.5569747598813	7.62257369060154
90.087890625	82.5564408594202	7.27892593492113
92.28515625	82.5484800503062	6.69898878564689
93.75	82.5324467609829	6.42909594366819
95.21484375	82.5239300166343	6.16438888715217
97.412109375	82.5306920367184	5.65193541112831
99.609375	82.4728994274664	4.93811312562523
101.07421875	82.4162026089967	4.69005167351242
103.271484375	82.3648144307661	4.65415044949264
104.736328125	82.3430973262558	4.57619929229476
106.93359375	82.3048300200776	4.35930010513956
109.130859375	82.2364474673488	4.382709596847
111.328125	82.2245334811393	4.75365707894018
113.525390625	82.2682964434103	4.79402653212698
114.990234375	82.2725432798499	4.67910017642965
117.1875	82.2672490020485	4.76413024481172
119.384765625	82.3178320710317	4.91706317050333
122.314453125	82.4086953585387	4.51537471645167
124.51171875	82.414334364526	4.05099962761622
126.708984375	82.4477949279824	3.84061840602414
128.90625	82.4705325662445	3.38761850479424
131.103515625	82.4559088465272	2.7941661392593
134.033203125	82.4083825051665	2.40007813884126
136.23046875	82.3881897798088	2.10472757952423
139.16015625	82.3310092695341	1.71890589584649
141.357421875	82.2806337541819	1.68600869987659
144.287109375	82.2580234491745	1.69450807480089
146.484375	82.2453919208071	1.53762100128015
149.4140625	82.2094347222438	1.46189843982278
152.34375	82.2070495008097	1.45345411268427
155.2734375	82.187466083862	1.18868812190451
158.203125	82.1505126789876	1.10864764991281
161.1328125	82.1351487213977	0.91546795641996
164.0625	82.0666800764943	0.700579934602855
166.9921875	82.0159493905816	0.9169425816348
169.921875	81.9848333218456	0.892599506008763
172.8515625	81.9265085980251	1.06610610894559
176.513671875	81.8988901458448	1.29138190176815
179.443359375	81.8596799350006	1.49066025413708
182.373046875	81.835708893558	1.71413618699973
186.03515625	81.7951774743369	2.04383745025558
189.697265625	81.7727860721208	2.58608651300748
192.626953125	81.7704676605097	2.90490207538127
196.2890625	81.7747674164138	3.39865056974865
199.951171875	81.7892908948461	3.75600875323911
203.61328125	81.7821380394983	4.17425756649579
207.275390625	81.774438459078	4.50680203885556
210.9375	81.7337917531606	4.99479782591374
215.33203125	81.6555486630847	6.05098738307754
218.994140625	81.6312130513675	7.71450351060377
222.65625	81.6928083464412	9.74074437706624
227.05078125	82.0060355716394	12.6259589494867
231.4453125	82.4836297726347	14.2665272000013
235.107421875	82.9893636909567	14.3802301765844
239.501953125	83.5227049965862	12.8754935422108
243.896484375	83.8238872292152	10.7039872844433
248.291015625	83.9784780285758	8.65225661936815
252.685546875	84.0688337905759	7.41591904959643
257.080078125	84.2411024944378	6.29806314310323
262.20703125	84.4290156243142	3.80953379053454
266.6015625	84.3758055991464	1.65352308620415
271.728515625	84.2123873291141	0.170628877983541
276.85546875	84.1181859434504	-0.271892431785101
281.25	84.0926338106886	-0.47628810690043
286.376953125	84.0972271638961	-0.996326205761317
291.50390625	84.1249647563518	-1.43270591517162
296.630859375	84.1360690566444	-1.69383229569944
302.490234375	84.1784514578579	-2.08330663605887
307.6171875	84.2562775632152	-2.59232202767814
313.4765625	84.3640186176317	-3.15460307343746
318.603515625	84.4631545986911	-3.67027912729241
324.462890625	84.6073428660566	-4.80609475612538
330.322265625	84.7127688149786	-6.86779188451663
336.181640625	84.7010032078149	-8.78156842874871
342.7734375	84.6202003535701	-10.5511352792791
348.6328125	84.4994297552796	-12.0762367294238
354.4921875	84.2727097259501	-13.2050760377336
361.083984375	84.0349059067486	-13.5468825619453
367.67578125	83.8906280222131	-13.4799764004211
374.267578125	83.8232349311125	-13.4494290915586
380.859375	83.8056410135628	-13.573637867313
387.451171875	83.8075150457213	-13.9684619241043
394.775390625	83.7814072064871	-14.6423640098516
402.099609375	83.6778711264142	-15.4931220371413
408.69140625	83.5403704463885	-15.801393520656
416.015625	83.3925482510109	-15.6705773991346
423.33984375	83.281918850546	-15.1394558130325
431.396484375	83.262652111458	-14.4410643086648
438.720703125	83.2782768454601	-14.2430770315018
446.77734375	83.258139652081	-14.0261931259364
454.833984375	83.2889654518513	-13.4740124609833
462.890625	83.4080271677238	-13.2618043542637
470.947265625	83.5188018758003	-13.7397044069421
479.736328125	83.5387141528467	-14.8399049678099
487.79296875	83.4143762293085	-15.5582443178866
496.58203125	83.1845549094683	-15.2815358129848
505.37109375	82.9837871859264	-13.4754236809701
514.16015625	83.0350438780283	-9.92063361776762
523.681640625	83.7001626099734	-6.621150343603
533.203125	84.551233899893	-8.21363444825855
542.724609375	84.9094686536163	-11.1763885952064
552.24609375	85.1500649508406	-13.6268144990145
561.767578125	85.3275810336883	-16.3884544445887
572.021484375	85.3964344558735	-19.5742593062995
582.275390625	85.2739989099637	-22.5309438410867
592.529296875	85.0894851316796	-24.3036527469706
602.783203125	84.9232218111541	-25.2484129100402
613.76953125	84.8855768101653	-25.6928290265555
624.755859375	84.9532320406632	-27.0656859532359
635.7421875	84.8938910173421	-29.1370813712929
646.728515625	84.6914370520824	-30.5186585656324
658.447265625	84.5670567866382	-30.7628554172616
670.166015625	84.5462037952321	-31.7616317743343
681.884765625	84.4192342212007	-32.7811101359082
693.603515625	84.3698053990242	-32.9080102051971
706.0546875	84.4466049995479	-33.9125949969524
718.505859375	84.3972089337737	-35.9999112260682
730.95703125	84.1397999553013	-37.3377670457803
744.140625	83.9452465649615	-37.4381777591378
757.32421875	83.843796026144	-37.570829552451
770.5078125	83.7572076212767	-37.5064298795189
784.423828125	83.808569849609	-37.630139534055
798.33984375	83.8460107158066	-38.30525554605
812.255859375	83.8985135962494	-39.462400997635
826.904296875	83.7494685838765	-41.3376222839909
841.552734375	83.5349876415386	-41.0744081831877
856.201171875	83.6816420971677	-40.9374939777624
871.58203125	83.7610626882297	-43.3120825362431
886.962890625	83.4786737488144	-45.4702447727455
902.34375	83.1101913403308	-46.1465040527518
918.45703125	82.6889288888202	-45.1092014727889
934.5703125	82.6404262900031	-41.96148159204
950.68359375	82.9509002557877	-41.3174922643085
967.529296875	82.8696651799041	-42.2203299470331
985.107421875	82.8158325931386	-39.1037617235742
1001.953125	83.5141853728926	-36.9697893932306
1019.53125	84.2471689955312	-39.7962005503061
1037.841796875	84.4435265180471	-44.4240556073377
1056.15234375	84.30198312881	-47.174467460241
1074.462890625	84.2750621295397	-48.0240043250922
1093.505859375	84.4915248682583	-49.7949930187306
1113.28125	84.5181729134998	-53.4299155102704
1132.32421875	84.2428762163368	-55.9476561382995
1152.83203125	83.9904872967112	-56.1499726439796
1172.607421875	84.1783780442263	-56.1827725977531
1193.84765625	84.3804557152458	-60.2263948929325
1214.35546875	83.8953335259253	-63.4101458578923
1235.595703125	83.4873180721473	-61.8320803515411
1257.568359375	83.8553730451756	-60.4870457702105
1279.541015625	84.2564185641398	-64.0391890813065
1302.24609375	84.033064251291	-67.6391961221474
1324.951171875	83.9379975039951	-68.9525293877827
1348.388671875	83.8276026538621	-72.2414815413176
1372.55859375	83.394059722425	-73.506080479441
1396.728515625	83.3403651535184	-72.9627079817063
1420.8984375	83.4748729094546	-74.2368204520036
1445.80078125	83.473533908721	-76.5944350229275
1471.435546875	83.4649229413583	-78.1917780360747
1497.0703125	83.5245872138117	-81.3488217398447
1523.4375	83.2226575917653	-84.4310923569798
1550.537109375	83.0091508770306	-85.2713348482029
1577.63671875	83.0908259375178	-87.239162238062
1605.46875	82.8975881308764	-90.8218242024281
1633.30078125	82.7471453017161	-91.9743902583133
1662.59765625	82.8750501437242	-95.7963946695666
1691.89453125	82.4579522503376	-100.893447635384
1721.19140625	82.0613673694142	-103.478455007317
1751.220703125	81.7185614411064	-108.250034053746
1781.982421875	80.7648293843326	-112.899746453604
1813.4765625	79.6524962231602	-114.104381560363
1845.703125	78.5493001377386	-113.488228594633
1877.9296875	77.5476601794812	-109.201348895565
1910.888671875	77.1870046871468	-103.24181047136
1944.580078125	77.1304656992922	-99.1293272603304
1978.271484375	77.324446565378	-94.4979739089306
2013.427734375	77.9172620894968	-92.9931179659004
2048.583984375	78.1382162943235	-93.6836716134161
2084.47265625	78.5045234001627	-93.2406559617994
2121.09375	78.8099054227476	-95.649225465621
2158.447265625	78.861990823489	-97.1093361777383
2196.533203125	79.1537427564175	-99.1884002787713
2234.619140625	79.1839749195017	-101.664458712549
2274.169921875	79.3921095716183	-103.63968746364
2313.720703125	79.5423352329931	-108.545964259438
2354.736328125	79.2704831068499	-113.677356942328
2395.751953125	78.6895582561821	-118.193004012385
2438.232421875	78.0062384007979	-119.607857038036
2480.712890625	77.4791338706626	-120.57117891768
2523.92578125	76.8544390551632	-118.837972554104
2568.603515625	76.8045124056688	-116.912993793047
2613.28125	76.8728729122101	-115.950345890008
2659.423828125	77.1037361040456	-117.640897990536
2706.298828125	76.9938742619327	-118.936890514626
2753.173828125	76.8895051830319	-120.331554458601
2801.513671875	76.8187576398541	-119.144876583375
2850.5859375	77.3242429800255	-119.261179386397
2901.123046875	77.7759908243372	-122.191251059079
2951.66015625	78.0975377807848	-126.554416166482
3003.662109375	78.3695950258785	-131.538234678195
3056.396484375	78.5440801928248	-137.284295143353
3109.86328125	78.7223687931187	-145.130086555325
3164.0625	78.5868489328115	-157.553540275286
3219.7265625	77.1984980592213	-170.644436365631
3276.123046875	74.655695214817	-178.093566557818
3333.251953125	71.9670616299951	-177.906953275259
3391.845703125	69.6517272057918	-167.33420570455
3451.171875	68.4563562562347	-149.327876345753
3511.962890625	69.2966405752243	-129.858842890985
3573.486328125	72.2449451685834	-118.037480409584
3635.7421875	75.6671701357744	-123.226340053944
3699.462890625	77.6805119017637	-143.405172834612
3764.6484375	77.536405584886	-164.054359433341
3830.56640625	76.2442889147111	-178.374654191439
3897.94921875	74.6135261794733	172.486049944419
3966.064453125	73.2858849492897	167.15946535476
4035.64453125	72.0251039783329	163.738698070809
4105.95703125	70.6769281779901	161.832041119823
4177.734375	69.4340296259069	160.294043228619
4250.9765625	68.1904946612601	159.327881638842
4325.68359375	67.1975401427958	161.530259903963
4401.123046875	66.7662534378341	163.292518772188
4478.759765625	66.1974456163193	161.808880476651
4557.12890625	65.2923814396192	161.391053718017
4636.962890625	64.5473659806944	161.261116388133
4718.26171875	63.7442628119521	161.811694785096
4800.29296875	63.2242509895016	163.253737498653
4884.521484375	62.719357821129	163.752817297667
4970.21484375	62.3760553566006	164.980128451459
5057.373046875	62.1535463693443	163.274695502741
5145.99609375	61.5297522475465	160.890421129655
5236.083984375	60.6532348164953	159.269410742104
5327.63671875	59.6532250383	160.432098310835
5420.654296875	59.0057207765957	163.447300844914
5515.869140625	58.7817191236319	166.096179396432
5612.548828125	58.7925615112879	166.454894233402
5710.693359375	58.8497613723867	164.429341720047
5810.302734375	58.6399513762221	158.243852058356
5912.109375	57.5059565034119	153.107785819846
6016.11328125	56.584843770591	151.765130388807
6120.849609375	55.4467838343167	147.774453021716
6228.515625	53.8769396474488	149.566618641909
6336.9140625	53.3878435992879	152.525071004825
6448.2421875	52.8613768126911	148.193018662418
6561.03515625	51.4189591377932	142.057365811064
6676.025390625	48.6279377182546	140.098802882506
6792.48046875	45.9145450143327	149.415415747181
6911.865234375	43.9167559509606	165.077071634224
7032.71484375	43.7276790628727	-169.023753157339
7155.76171875	46.3186047083792	-158.959833093423
7281.005859375	47.5936397173304	-164.400065109737
7408.447265625	48.0628169093998	-169.343440655214
7538.0859375	47.5393166853496	179.243998839219
7669.921875	45.3332504027526	171.206628200216
7803.955078125	43.0288878665015	174.956573569004
7940.91796875	40.8505463749919	-176.746266992771
8079.345703125	39.1226210557938	-163.868109073211
8220.703125	37.9280253745294	-149.734856240965
8364.990234375	37.3556734292692	-129.831424901704
8511.474609375	38.3441211160876	-107.211281732728
8660.15625	40.7129458826873	-92.706831141086
8811.767578125	43.2783525333816	-92.2613442694692
8965.576171875	44.933257751524	-99.5204351430937
9123.046875	45.3279188073217	-106.624609718316
9282.71484375	45.1147767037838	-109.741625163252
9444.580078125	44.7326798217092	-109.362435697991
9610.107421875	44.7104336728742	-104.551344866405
9777.83203125	45.4739086507947	-102.295323093594
9949.21875	45.9614430651877	-105.900940279963
10123.53515625	45.4654173047292	-107.797364841514
10300.78125	45.1397105002896	-103.8442285147
10480.95703125	45.50028926827	-100.058535914803
10664.0625	46.1796698437506	-98.3251532125111
10850.830078125	46.9930465521127	-102.409968523756
11040.52734375	46.8138240654803	-107.661114879042
11233.154296875	46.5619279934346	-109.295727959178
11430.17578125	46.4672364879978	-109.981214313566
11630.126953125	46.4619904084459	-110.886824026239
11833.740234375	46.334269337791	-113.805752897162
12040.283203125	45.6072220923793	-114.881007767759
12251.220703125	45.8226055721461	-111.850552777962
12465.087890625	46.2629524170847	-115.036663711998
12683.349609375	46.2466202018469	-119.012534592892
12905.2734375	45.8662059055578	-126.788446962616
13130.859375	44.5074524354575	-130.679349526069
13360.83984375	43.3900942822186	-128.27358068291
13594.482421875	42.837731313359	-126.53737455515
13831.787109375	41.7841277512208	-127.18090476165
14074.21875	40.5563773614765	-117.995807088554
14320.3125	40.8084857609414	-107.958995807164
14570.80078125	41.6855617087024	-101.999150889993
14825.68359375	43.1830957385496	-102.594469904021
15084.9609375	43.4593335253388	-111.395342861791
15348.6328125	43.2094418044854	-114.165084293324
15617.431640625	43.078870744108	-119.130733858732
15889.892578125	42.9159312072795	-123.751362743535
16168.212890625	42.0179648595231	-130.446477405618
16450.927734375	41.1040052588707	-133.292900400383
16738.76953125	39.6957591429873	-135.375733144163
17031.73828125	38.6401500490381	-142.302872454906
17329.1015625	36.7380921626599	117.011579156054
17632.32421875	33.973741238571	111.921213082848
17940.673828125	32.6592778052513	-167.56746008298
18254.150390625	32.1624764191067	-98.2639878117344
18573.486328125	32.3065604892782	-142.492465343653
18898.681640625	33.8009539155398	169.936953031817
19229.00390625	34.764279925813	13.4572870499097
19565.185546875	33.9649894403408	120.445093330818
19907.2265625	32.7855537969427	-173.593345037976
20255.859375	36.0639554841818	-55.3856395170306
20609.619140625	38.3786443162008	-67.4805205594864
20969.970703125	38.2997421663836	-79.8726528953322
21336.9140625	37.6288399689505	-81.4800883395678
21709.716796875	37.4640515567898	-85.7325680612395
22089.84375	36.8294407481948	-85.7265284362073
22475.830078125	36.9566490834842	-86.7150549285063
22869.140625	36.2998803509772	-92.4867654900681
23269.04296875	34.7852333600438	149.556341616135
23675.537109375	33.8537769441549	35.8015714070043
24089.35546875	34.5959981050938	18.907080164506
24511.23046875	35.6137443222877	41.2635190810249
24939.697265625	35.4979877520713	146.499779165178
25375.48828125	33.6258938539811	-151.053676631048
25819.3359375	31.3739052301377	-51.1344567999255
26270.5078125	30.7670194491389	-16.7778252012664
26730.46875	30.8037708821409	-136.733285778907
27197.75390625	31.0372321795184	-69.0643703811947
27673.095703125	30.7759545712169	-125.189580245629
28157.2265625	31.7494979175003	-147.407068972784
28649.4140625	32.1531613703542	-59.2654269737067
29150.390625	31.2239030190297	37.4773715016797
29660.15625	31.3214145162498	96.3397209718824
30178.7109375	31.2511581001724	-50.975369428901
30706.0546875	31.0072680407387	-47.4320521697392
31242.919921875	31.1905178463902	152.251786161016
31789.306640625	31.2712705284545	-40.1358982717598
32345.21484375	31.6015744668496	-37.9196396409053
32910.64453125	31.6070192115321	-38.1565633370518
33486.328125	31.4583652624682	-36.2195331900869
34071.533203125	31.8924876691479	-33.7785194637066
34666.9921875	31.9130554554102	-55.380303371038
35273.4375	32.0769736037447	90.6563564054446
35890.13671875	32.3125367082046	-32.081456319878
36517.822265625	32.1360622341039	-31.255506616955
37156.494140625	32.3128648043197	-30.5558813821955
37806.15234375	32.3956371706931	-32.9556388291122
38466.796875	32.2475613778825	-33.779556425821
39139.16015625	32.3539626478181	-32.9702183843126
39823.974609375	31.6943575350869	-42.4004556559906
40519.775390625	29.4931756266717	-39.9510850526743
41228.02734375	29.2984742070705	-29.2649814939776
41949.462890625	29.2984742070705	-24.2653429836696
42682.6171875	29.2984742070706	-20.3585869003244
43428.955078125	29.2984742070703	-16.9488797156291];

Data_Format = 'LeveldB_Phase';
Data_Domain = 'Frequency';
Data_AbscUnit = 'Hz';
Data_BaseUnit = 'V';
Data_xScale = 1;
Data_vScale = 1;
