CurveFormat = 6;
TDelayRemovedTRF = -0.000958333333333333;
SourceDesc = 'Fundamental + Minimal phase';
%[Hz]    dB-[V]    [deg]
Curve = [
46.875	39.7780192661145	67.5814404758656
48.33984375	39.7780192661146	73.3169129028092
49.072265625	39.7780192661146	77.9910717539574
49.8046875	39.7780192661147	81.0721766372503
51.26953125	40.8966324976433	96.083609379764
52.001953125	41.4618876814204	100.969838253058
53.466796875	43.5611120261487	106.604337513877
54.19921875	45.22605472796	110.540608825017
55.6640625	47.480431017572	105.107326511712
56.396484375	48.4534995033851	101.133425537027
57.861328125	50.2635708269557	92.6403551608788
58.59375	51.0047086960587	87.4747026747932
60.05859375	51.8324888923004	73.4965744256454
61.5234375	51.5313275794751	58.828533674292
62.255859375	51.0489626117747	52.4926966220318
63.720703125	49.9718651686034	46.7609665805404
65.185546875	49.1972247815052	43.8533688571981
65.91796875	48.7099739132719	42.3772370839315
67.3828125	47.8283645194084	43.7735268833219
68.84765625	47.6970253276272	43.9050131236611
70.3125	47.1284415353439	41.8554605087619
71.77734375	46.5764798893547	41.1532608949486
73.2421875	45.861975686726	41.573286970363
74.70703125	45.2209572471834	45.7307351915382
76.171875	45.4430825507269	49.4002590781392
77.63671875	45.3877962466883	48.0662097789011
79.1015625	45.1363663646005	49.5433218554168
80.56640625	44.7222111899236	52.0497658764136
82.03125	44.7760625862008	54.8260729104649
83.49609375	44.7506843383442	55.5159059789083
84.9609375	44.660887947507	55.6510969472838
87.158203125	44.2932377994511	58.2346003475334
88.623046875	44.0862329192398	60.9188380130312
90.087890625	43.9633954936321	63.9420370800245
92.28515625	44.0236781483693	69.6684939664254
93.75	44.5697959184879	71.158747793915
95.21484375	44.6298506884041	72.3144324925837
97.412109375	44.802011942138	76.5914343638172
99.609375	45.3144591062835	74.8955784317999
101.07421875	45.2101092044026	72.167614942244
103.271484375	44.9927838892695	74.0962842847691
104.736328125	44.6283270712964	77.7635402518113
106.93359375	44.8628341705895	82.4080994247728
109.130859375	45.0922193872403	83.1179513086358
111.328125	45.3438466263549	86.7748004357807
113.525390625	45.526613242026	87.8235393707923
114.990234375	45.4032961016441	90.1577248673119
117.1875	45.7420939328189	92.7471704181931
119.384765625	45.9822770124767	94.681988698267
122.314453125	46.6511100060418	97.455593709882
124.51171875	47.0323528623635	97.5283969816025
126.708984375	46.9500426022743	98.0324599647846
128.90625	47.1471211272371	99.7684761824098
131.103515625	47.3842945974059	101.360756103636
134.033203125	47.5256865195039	102.051714113058
136.23046875	47.8213125536685	104.701133613095
139.16015625	48.04786824643	106.312002812948
141.357421875	48.1385910167712	107.77569327323
144.287109375	48.6394448848929	110.288588494888
146.484375	49.16557803922	110.932053812733
149.4140625	49.3519803778745	110.388223258848
152.34375	49.4085933063099	111.464344796
155.2734375	49.8341871562408	112.790205290616
158.203125	50.0733520927054	113.90859537715
161.1328125	50.3326368058779	114.862718413579
164.0625	50.6109809507324	115.335285098068
166.9921875	50.7106802269829	116.624880452844
169.921875	50.9289413189754	116.74523102481
172.8515625	51.0246803117977	118.981752861889
176.513671875	51.5792719446385	121.253725760707
179.443359375	51.7278728158897	121.266276345131
182.373046875	52.0192077883368	122.213993426499
186.03515625	52.303562223003	123.379377359957
189.697265625	52.5985303163656	124.397125014676
192.626953125	52.7209579330704	124.914663308319
196.2890625	53.0330993787587	126.928862050731
199.951171875	53.4833356237044	128.244299751477
203.61328125	53.6951814906902	129.210471578761
207.275390625	53.951697647058	130.098306733009
210.9375	54.2805312138196	130.669082201336
215.33203125	54.5975553496817	132.174101634513
218.994140625	54.9689040206149	133.495971404145
222.65625	55.2506581280056	134.667660840632
227.05078125	55.7275972164781	135.813553943404
231.4453125	56.0546136423953	136.434561674691
235.107421875	56.296066588497	137.683521244042
239.501953125	56.7410094539625	138.87805692392
243.896484375	57.2829345107226	139.600713978171
248.291015625	57.7918939402867	139.165320571377
252.685546875	58.1793819205754	138.235361203924
257.080078125	58.4100083852819	138.029942541098
262.20703125	58.7301015567194	137.718321312889
266.6015625	58.8847376360626	137.263482638102
271.728515625	58.97044556878	138.128755687617
276.85546875	59.2158155775721	139.828635153096
281.25	59.5473868293517	141.256352059624
286.376953125	59.9168875397606	142.440593175461
291.50390625	60.3535589411254	143.072935606633
296.630859375	60.8107887967223	143.586762075047
302.490234375	61.217642129992	143.898050512818
307.6171875	61.5650636614258	144.19892733876
313.4765625	61.9819139610283	144.343631310596
318.603515625	62.3935172011237	144.498414634791
324.462890625	62.80071438163	144.226865659805
330.322265625	63.1668291723601	143.511757526076
336.181640625	63.3418478346666	142.481323974912
342.7734375	63.451384565175	143.139536509725
348.6328125	63.7607041601426	144.469853574223
354.4921875	64.0725216001365	145.152861160865
361.083984375	64.3783437288699	146.480402896044
367.67578125	64.8604094550376	147.93735361513
374.267578125	65.3740739986661	148.446830206834
380.859375	65.9291762569099	148.560023939732
387.451171875	66.3696132907067	148.155062645028
394.775390625	66.877024164097	147.751484466032
402.099609375	67.3242428494777	146.742941551259
408.69140625	67.6899738625619	146.006569789242
416.015625	68.0451918508269	145.265504618128
423.33984375	68.387912673215	144.539446815033
431.396484375	68.6986400815114	144.096104377431
438.720703125	68.9671201979948	144.087592915424
446.77734375	69.3361544660402	144.436518568399
454.833984375	69.7934132288465	144.628036742247
462.890625	70.2995870133134	144.316331373877
470.947265625	70.8036127271591	143.346005613418
479.736328125	71.2991285991192	141.638651454935
487.79296875	71.6130570519772	139.967635137834
496.58203125	71.8948341434579	138.154337504307
505.37109375	72.1141961349786	136.420223207209
514.16015625	72.1919962817815	135.021505360432
523.681640625	72.2128414830052	135.067365136871
533.203125	72.4435407131031	136.194193450091
542.724609375	72.8189207729435	136.938127452203
552.24609375	73.2576536846479	136.614709795195
561.767578125	73.4719041353362	136.584491877551
572.021484375	74.0391466748991	138.006638348686
582.275390625	74.8550538479489	135.531612751073
592.529296875	74.993030646216	131.622255669892
602.783203125	74.7998980023203	131.374282704162
613.76953125	75.0938745503042	133.465115927384
624.755859375	75.6622371421894	134.136598304976
635.7421875	76.2929156180315	132.723067133788
646.728515625	76.6112105946846	130.402620949434
658.447265625	76.6432426601335	129.489993430531
670.166015625	77.0444801185239	131.627966257585
681.884765625	77.8377606943652	130.726863085342
693.603515625	78.3360656944885	128.128703449323
706.0546875	78.6579918045539	125.775141277081
718.505859375	78.9324149783921	123.871144368804
730.95703125	79.1837575101704	122.35289951326
744.140625	79.4468068406074	121.521654003957
757.32421875	79.8754840559579	120.612952836124
770.5078125	80.3554749190406	118.365381718711
784.423828125	80.4834872306111	114.882869663282
798.33984375	80.5490437315572	114.958983522433
812.255859375	81.1183106585597	114.450997241543
826.904296875	81.4887009623197	110.949070660518
841.552734375	81.564635196506	108.516776040662
856.201171875	81.693465370778	107.223879309336
871.58203125	81.8237820900514	105.763836576682
886.962890625	81.9599570157342	105.088744754178
902.34375	82.1610147495495	104.486493897948
918.45703125	82.3465225680733	104.362437452859
934.5703125	82.7499284393127	105.270748794174
950.68359375	83.4212367135041	104.810347380429
967.529296875	84.0946027549781	102.164470650741
985.107421875	84.6264933763179	98.5021006338141
1001.953125	84.9526120191644	94.5745409075223
1019.53125	85.1100204911551	91.6841982517159
1037.841796875	85.4565918278162	88.4370962901254
1056.15234375	85.5893768777842	84.1547151463342
1074.462890625	85.5662107080838	81.5487289013811
1093.505859375	85.8192465665015	79.3524457323596
1113.28125	86.0775922941477	75.0346484269924
1132.32421875	85.9400350030146	70.0906487946071
1152.83203125	85.584657438798	67.529330199424
1172.607421875	85.4956701252242	66.654566076124
1193.84765625	85.5446886027456	63.9039756912881
1214.35546875	85.2257564750053	60.9522438396619
1235.595703125	84.7281005789974	60.5451352835416
1257.568359375	84.6505262461454	63.7742478898572
1279.541015625	85.2325607568801	64.9815212294358
1302.24609375	85.5994040204065	62.3560421856424
1324.951171875	85.8672123721319	60.2694396926082
1348.388671875	86.1480619406174	56.4949060849589
1372.55859375	85.9917738782089	52.8020041421125
1396.728515625	85.9888710511165	51.4039388964373
1420.8984375	86.1180985460979	47.5876221326635
1445.80078125	85.665552027932	43.5899835600665
1471.435546875	85.1599316012691	43.5517082406809
1497.0703125	85.2433206603363	43.5993705439925
1523.4375	85.0521678949979	41.4840802612307
1550.537109375	84.9089821543108	43.2547954507662
1577.63671875	85.2312851062817	40.6058352039491
1605.46875	84.6544275159415	37.6713741362026
1633.30078125	84.4991740827379	40.4355974125604
1662.59765625	84.7017105377562	38.8212632570432
1691.89453125	84.1605399414646	38.7615717130219
1721.19140625	84.4699063049939	42.9732208339968
1751.220703125	84.9731800662984	40.0145033350599
1781.982421875	84.6502765268662	40.128954240242
1813.4765625	85.3335284766404	40.8749486706537
1845.703125	85.551791104714	36.342966451395
1877.9296875	85.5490073502485	34.9861549942572
1910.888671875	85.6922879510701	30.7478712975328
1944.580078125	85.3374073461689	29.0905570926713
1978.271484375	85.549376105455	26.040190113596
2013.427734375	84.8103224097582	20.9717592265803
2048.583984375	84.3072303424908	21.0177127934645
2084.47265625	83.5284626025939	20.0937464570184
2121.09375	82.9979702543717	24.1279318825965
2158.447265625	82.7202284308562	28.0912104625093
2196.533203125	83.4401459500821	33.0789212035328
2234.619140625	83.7053246197589	29.6799081497144
2274.169921875	83.5984624372878	32.9697679164048
2313.720703125	84.1384160175055	31.005479070955
2354.736328125	84.2930930397364	29.9850269838729
2395.751953125	84.4181933519552	25.3069489983775
2438.232421875	83.9414974180192	24.2975444236628
2480.712890625	83.5273548460851	23.0752344705597
2523.92578125	82.9340898466892	26.3719591683706
2568.603515625	82.9288116763904	29.3668726580108
2613.28125	83.1228773789654	32.8528967916854
2659.423828125	83.6601307498064	32.6191105962785
2706.298828125	83.5652525361154	31.4656923648464
2753.173828125	83.3344660238488	34.5325291774439
2801.513671875	83.7302527718283	38.9225447334573
2850.5859375	84.3401218079188	41.0072601777272
2901.123046875	85.3916310194993	42.0757759827032
2951.66015625	86.2526675440303	38.237796061122
3003.662109375	86.6859695087129	34.7723538792345
3056.396484375	87.0647902425769	30.3775722292178
3109.86328125	87.0816816794947	25.1441617682748
3164.0625	86.816311219889	21.6600082700019
3219.7265625	86.7666668381486	20.9831368416202
3276.123046875	86.9482414998288	17.9064291046084
3333.251953125	86.9234029236466	14.1090370086873
3391.845703125	86.4947916692593	9.51677458053761
3451.171875	85.7716162764651	7.26173071494766
3511.962890625	85.2021985038884	8.78159527190424
3573.486328125	84.8417761972154	11.6241187289498
3635.7421875	85.0046304169771	14.4112973617914
3699.462890625	85.5786537787604	15.1667629060311
3764.6484375	85.8610373284022	12.8674670731121
3830.56640625	85.8226703020641	8.87585015325432
3897.94921875	85.6745431157475	6.74001096854315
3966.064453125	85.5176457433774	7.04624151907162
4035.64453125	85.3385195354577	7.07573654296854
4105.95703125	85.2205368460069	4.64769496115621
4177.734375	85.1390748443485	0.799204966753566
4250.9765625	84.5173036177831	-3.34417907866446
4325.68359375	83.2576366938202	1.08768374897892
4401.123046875	83.3267133746548	10.1481043337371
4478.759765625	84.1379893663671	10.844145045584
4557.12890625	84.2867890413422	6.80978673536439
4636.962890625	83.9841846463691	4.09488660752844
4718.26171875	83.394701095727	4.68159744260038
4800.29296875	83.3244826748213	10.0383549572855
4884.521484375	83.7889742612573	10.9127020836207
4970.21484375	83.7110032102593	11.6076321662407
5057.373046875	84.1788920403941	14.1826104725044
5145.99609375	84.5643449544195	10.9203965420086
5236.083984375	84.0691690696053	10.0028950268218
5327.63671875	84.1717640066916	12.2527483411472
5420.654296875	84.0700006958298	10.6737771225493
5515.869140625	83.5156738280803	14.8915262700232
5612.548828125	84.3272705077879	22.20586399858
5710.693359375	85.7345001308499	20.8385337126192
5810.302734375	86.2233240806578	16.0842990537848
5912.109375	86.4445372086201	13.7347447682661
6016.11328125	87.0276461224044	10.1695451470012
6120.849609375	87.1000573178904	3.10282568040159
6228.515625	86.5944187284302	-1.37968899043016
6336.9140625	85.9790407190888	-4.14554088432151
6448.2421875	85.2360824941103	-3.19802999208818
6561.03515625	85.1019285008881	0.688978011940204
6676.025390625	85.7084016246426	1.856642604843
6792.48046875	86.0295396814718	-2.36135693465719
6911.865234375	85.8323400708391	-5.61412233886524
7032.71484375	85.452977903288	-8.31120708103676
7155.76171875	84.9691203353761	-8.787164084963
7281.005859375	84.7732934426929	-9.18241210070329
7408.447265625	84.3665995303942	-10.8977815668591
7538.0859375	83.6040322991704	-8.36962140590031
7669.921875	83.5514666138694	-4.27445093976281
7803.955078125	83.9580672742341	-2.13446372006458
7940.91796875	84.2076368464847	-4.51320821797694
8079.345703125	83.7622882989742	-5.7959332004583
8220.703125	83.2961805900732	-3.37942445133104
8364.990234375	83.5743484081735	0.181084197492633
8511.474609375	83.9099408686615	1.26415685455508
8660.15625	84.2841441207707	0.630451450034484
8811.767578125	84.5126766803204	-1.46957280106212
8965.576171875	84.5839811943524	-5.1622717455608
9123.046875	83.968845278017	-8.25419832508199
9282.71484375	83.4851397177284	-7.47682403727643
9444.580078125	82.8658072178723	-7.06597073480232
9610.107421875	82.0645717850701	0.770939088113743
9777.83203125	82.8297358214439	9.84702078947556
9949.21875	83.9855741331424	9.32827091388423
10123.53515625	84.4492278351155	6.3945311730906
10300.78125	84.3607485007498	4.26863842573367
10480.95703125	84.3336168861373	6.57522080453798
10664.0625	84.8330078653726	7.18246035207316
10850.830078125	85.1320925743276	5.86449593882469
11040.52734375	85.4826875406993	4.16570127944666
11233.154296875	85.3602252027978	2.06413552233431
11430.17578125	85.3419185458826	2.8446170057496
11630.126953125	85.5105541171572	3.65477309063527
11833.740234375	86.0252445823519	4.28993489034132
12040.283203125	86.4391439403661	1.25454680098027
12251.220703125	86.5458462980831	-0.94104764727286
12465.087890625	86.5842951409544	-2.21291313437242
12683.349609375	86.8711256970171	-2.49610297236934
12905.2734375	87.3048122263155	-5.15301543466735
13130.859375	87.4552039835306	-9.55132838578159
13360.83984375	87.2999382758392	-13.2477499783467
13594.482421875	87.163253630707	-14.7808682020383
13831.787109375	87.1830594544837	-16.9652456909765
14074.21875	87.0397932658396	-21.0510213517301
14320.3125	86.5448968528642	-24.1921559593434
14570.80078125	86.1391264204185	-24.1700313220368
14825.68359375	86.0783862357852	-24.2012061785941
15084.9609375	85.9190669845795	-26.3597584765291
15348.6328125	85.401796488087	-27.8881796811472
15617.431640625	85.0378317350552	-26.3636341361794
15889.892578125	85.1103649508401	-25.736049001438
16168.212890625	85.0219115609871	-26.7048477306201
16450.927734375	84.6787359825188	-26.7032289748141
16738.76953125	84.597437549777	-25.8773818555393
17031.73828125	84.5257446689322	-26.5755344971293
17329.1015625	84.1227985304064	-25.2407327498703
17632.32421875	84.1365017677945	-21.4993526357475
17940.673828125	84.7566571246428	-20.5182457102611
18254.150390625	85.061416510907	-22.3449938987158
18573.486328125	85.211657023897	-23.203167956245
18898.681640625	85.4498726946658	-24.9933130787141
19229.00390625	85.6316469600737	-26.9661060554303
19565.185546875	85.827119791955	-29.5611997867628
19907.2265625	85.8781855738586	-33.6009299520608
20255.859375	85.4968567026592	-37.8323237593604
20609.619140625	85.0279236094714	-39.3346724415957
20969.970703125	84.7305092682728	-40.2200553258719
21336.9140625	84.4227171726105	-40.102499059206
21709.716796875	84.3445038427048	-39.7929608207752
22089.84375	84.298670654835	-40.9847644615328
22475.830078125	83.9995820196929	-42.179845773547
22869.140625	83.7795511427666	-40.108358898024
23269.04296875	84.2293054421462	-38.8936609670551
23675.537109375	84.7249644683336	-41.8732729485416
24089.35546875	84.8568888725625	-46.2459697392315
24511.23046875	84.8293674007396	-50.5241149309494
24939.697265625	84.6651057172264	-55.7125246418152
25375.48828125	84.1815649018119	-60.5259078035695
25819.3359375	83.6494441722056	-64.2322739941342
26270.5078125	83.0640223683833	-68.4747326646622
26730.46875	82.1535968573246	-73.0477619734624
27197.75390625	80.8596055591328	-75.2615874170672
27673.095703125	79.6631265355848	-74.7612501262455
28157.2265625	78.5063185451147	-73.1297897558756
28649.4140625	77.2836043991255	-69.7020124747392
29150.390625	76.0475714852201	-63.563441375515
29660.15625	75.3109127638693	-51.4727615579538
30178.7109375	75.9888322249721	-39.0529550079529
30706.0546875	77.3422362207251	-34.9365080641194
31242.919921875	78.2776012716616	-36.1036454964527
31789.306640625	78.7809950585743	-38.9730590694136
32345.21484375	78.9922299639024	-40.9858256299206
32910.64453125	79.1907369362914	-44.0051034060224
33486.328125	79.0816374589685	-46.6186030908161
34071.533203125	79.0170616135902	-48.5632228445207
34666.9921875	79.0549457219541	-50.2943683650143
35273.4375	79.3149371007934	-54.2054300738409
35890.13671875	79.220805317843	-61.9349897511991
36517.822265625	78.404745425447	-69.5423864234938
37156.494140625	77.3103403255291	-74.7768956288903
37806.15234375	75.9767928449203	-80.4942378133278
38466.796875	73.8819080762832	-83.8663055930525
39139.16015625	71.4814811219478	-81.7485721097716
39823.974609375	69.1548239566631	-71.1462143266792
40519.775390625	68.292804788041	-55.8496523357547
41228.02734375	68.3003720991688	-45.899660844502
41949.462890625	68.3003720991687	-38.5271685198655
42682.6171875	68.3003720991686	-32.3309848883522
43428.955078125	68.3003720991679	-26.8358245202963];

Data_Format = 'LeveldB_Phase';
Data_Domain = 'Frequency';
Data_AbscUnit = 'Hz';
Data_BaseUnit = 'V';
Data_xScale = 1;
Data_vScale = 1;
