CurveFormat = 6;
TDelayRemovedTRF = -0.000958333333333333;
SourceDesc = 'Fundamental + Minimal phase';
%[Hz]    dB-[V]    [deg]
Curve = [
46.875	46.5777658260732	23.7653528085972
48.33984375	46.5777658260731	23.6914968672893
49.072265625	46.5777658260731	22.2295259755813
49.8046875	46.5777658260731	21.4557702690849
51.26953125	43.9296340377966	15.3951062060733
52.001953125	43.2517180223178	25.534440282115
53.466796875	42.3747755566757	52.2045252436931
54.19921875	43.8365410398258	62.5840155395369
55.6640625	49.2906801205658	68.6534410602754
56.396484375	49.6859882334496	58.7220883694224
57.861328125	50.8491294203513	51.456537428664
58.59375	51.7148212097534	49.4535770433426
60.05859375	53.0717330111419	36.5287945565531
61.5234375	52.6988394595957	20.4321446033673
62.255859375	52.2016656606581	12.4026905929195
63.720703125	50.4522998282579	4.74414504947507
65.185546875	49.1107083686951	-2.73375964172051
65.91796875	47.7662546677825	1.73199424182215
67.3828125	45.8165358104942	6.12215568762254
68.84765625	45.5520955618251	16.2748308442408
70.3125	47.5849838128308	6.97508762739948
71.77734375	44.2648420375463	13.9433414264813
73.2421875	45.3434793567736	29.79738531265
74.70703125	45.0409279209055	26.740988949391
76.171875	45.3180813714862	29.202568878368
77.63671875	44.7701862454592	24.6140714793581
79.1015625	45.0229309692859	34.966270504025
80.56640625	44.3626726427867	38.0942600302426
82.03125	45.8178400303168	35.0301694719944
83.49609375	45.6924312788222	39.3088421422451
84.9609375	45.6790254550988	36.7806653121088
87.158203125	44.849400894272	30.2287244012651
88.623046875	44.2476974611685	35.5413279855152
90.087890625	43.6954596765788	39.1414323474492
92.28515625	44.0890125064085	47.2350217541411
93.75	44.0695954843549	52.2597519306112
95.21484375	44.6957892225498	50.3897251951678
97.412109375	45.029979413232	55.4251330986137
99.609375	43.9700275864948	54.4469826038689
101.07421875	43.9424152132556	54.8409564427712
103.271484375	44.9713430481133	62.8005066425393
104.736328125	45.0386286218944	63.1521323107534
106.93359375	44.8362265912871	62.6914463458367
109.130859375	44.5931472393636	69.1607387643672
111.328125	45.1236775249412	76.1180447165362
113.525390625	45.4696000458139	79.4332902461276
114.990234375	45.8434365691745	77.8120041596743
117.1875	46.0005528017174	75.97035570923
119.384765625	46.045059311395	81.1821671371397
122.314453125	46.4520873558117	82.6973358858551
124.51171875	46.9408415593556	84.5094341887766
126.708984375	47.2400652393851	85.7296180018224
128.90625	47.0581207738658	86.0597879075464
131.103515625	47.3327319108289	87.8084288075624
134.033203125	47.6600999735901	90.5994608041951
136.23046875	47.8782854756155	91.6447440418694
139.16015625	48.1379980199725	93.458934551327
141.357421875	48.3643874990836	94.5189676006715
144.287109375	48.5850879970995	96.4991394128275
146.484375	48.929335748327	98.2201389673764
149.4140625	49.2249098249048	99.0417827017116
152.34375	49.4361449050953	100.230236477016
155.2734375	49.8381174009524	100.758847736777
158.203125	50.1838166013935	101.989651177247
161.1328125	50.3112036204926	102.075431060446
164.0625	50.4056227238208	102.523136120225
166.9921875	50.5491538201435	104.565152766864
169.921875	50.7758934624073	106.102823060276
172.8515625	50.8898732347425	107.761844670014
176.513671875	51.3786982704452	109.744883214829
179.443359375	51.4553650806479	109.742189876538
182.373046875	51.6782093659521	111.051763423716
186.03515625	51.8865054238139	113.266789423773
189.697265625	52.1661350693185	115.375706759426
192.626953125	52.510237309109	116.434330162428
196.2890625	52.8962825719293	117.325977226758
199.951171875	53.1530727451893	118.750561885324
203.61328125	53.4681298441934	120.603231436374
207.275390625	53.747025960227	121.67789696436
210.9375	54.1398832368821	122.616706767709
215.33203125	54.5307274147875	123.077678133477
218.994140625	54.7470326372824	124.369823700695
222.65625	55.05281255309	125.874258716444
227.05078125	55.5484831673934	127.104121238228
231.4453125	55.8953516021684	127.889649835155
235.107421875	56.1597282367602	128.734260950979
239.501953125	56.5740240079979	129.753879593659
243.896484375	56.9833457941886	130.529919900901
248.291015625	57.424984739279	130.687744965628
252.685546875	57.8605315970161	130.226385273445
257.080078125	58.1085068752023	129.960001288853
262.20703125	58.3273573852411	129.913405114676
266.6015625	58.4974459585791	130.477098275253
271.728515625	58.7454776453767	131.920463716871
276.85546875	59.0950427365204	132.976697214635
281.25	59.4338087898352	134.028548045823
286.376953125	59.8032592444523	134.822567607348
291.50390625	60.2210324109376	135.274063774245
296.630859375	60.627451030772	135.608232522674
302.490234375	61.0367968321471	135.882569847158
307.6171875	61.3074340109183	135.838164789966
313.4765625	61.6548546952056	136.166370577681
318.603515625	62.0203264622889	136.624567918032
324.462890625	62.4178012221345	137.076773892168
330.322265625	62.8527527510615	136.32371308533
336.181640625	63.0352155846728	135.189357984117
342.7734375	63.1354419614336	135.481380923326
348.6328125	63.3766948632527	136.546491190694
354.4921875	63.6533801372298	137.622272869735
361.083984375	63.9470891012089	139.082896379388
367.67578125	64.4025835545287	140.607539444504
374.267578125	64.8960516671864	141.346444318013
380.859375	65.453512419895	141.610741813225
387.451171875	65.9052917002749	141.108723017425
394.775390625	66.3928854153332	140.603858932706
402.099609375	66.7996753879245	139.511615600445
408.69140625	67.1086653707818	139.000075570647
416.015625	67.4456293532425	138.516805842326
423.33984375	67.7815923577251	137.858684379279
431.396484375	68.0585211279111	137.496280685606
438.720703125	68.302512284175	137.623811624955
446.77734375	68.6498697243007	138.104719215973
454.833984375	69.0929861465413	138.485531606075
462.890625	69.5948324305473	138.286347641273
470.947265625	70.0831976394936	137.324615718146
479.736328125	70.526125779055	135.666152504415
487.79296875	70.7956751203293	134.24630891499
496.58203125	71.0351818531585	132.91758899751
505.37109375	71.2712240862473	131.908290577845
514.16015625	71.4688565216436	130.831480395932
523.681640625	71.586605870776	130.302083826665
533.203125	71.8112140584519	130.49661435277
542.724609375	72.0391194290473	130.147120939633
552.24609375	72.1583290377621	130.134722463065
561.767578125	72.260482006696	132.124581532362
572.021484375	72.9702357356019	134.722184736335
582.275390625	73.9046461447935	132.216113695613
592.529296875	74.0546164126735	127.80281235459
602.783203125	73.7574249873388	127.32467610226
613.76953125	73.8759388796007	130.094039544322
624.755859375	74.4095761013814	132.657947070012
635.7421875	75.2893598298164	132.521923883918
646.728515625	75.8531378788581	129.962939878651
658.447265625	76.0347557219406	127.495643441825
670.166015625	76.3131529767067	128.050799498245
681.884765625	76.8786882876073	126.860942209046
693.603515625	77.2097087390109	124.760474316681
706.0546875	77.4118859574071	123.303169014192
718.505859375	77.6431324334975	122.567122022702
730.95703125	77.9463742204705	121.949891421402
744.140625	78.2574055077375	121.421463902799
757.32421875	78.6751284663667	120.787901071147
770.5078125	79.1336152279707	118.996049402331
784.423828125	79.2062995508747	116.033782284883
798.33984375	79.2044921412246	117.480426759774
812.255859375	79.9180825361639	118.642367430719
826.904296875	80.4703373070401	115.576530454071
841.552734375	80.6523812362222	113.654362611672
856.201171875	80.9053004835725	112.893994632319
871.58203125	81.2010816259516	112.040089386535
886.962890625	81.5686748961417	111.617526414755
902.34375	81.9912967176135	110.915510677541
918.45703125	82.4847901883576	110.302948670666
934.5703125	83.1724041387403	109.054352268599
950.68359375	83.8586310329877	106.006096059992
967.529296875	84.3746024950473	101.24086513759
985.107421875	84.6264368363822	96.3229516215413
1001.953125	84.6985353676815	92.1857616949817
1019.53125	84.5999283138311	89.5843795713795
1037.841796875	84.748721749032	87.6231511171941
1056.15234375	84.865504502412	84.6303757618418
1074.462890625	84.8600223482467	82.7387389025108
1093.505859375	85.113139255574	81.0240929996597
1113.28125	85.3200936145523	77.2959933872552
1132.32421875	85.1463230955891	73.4523302902949
1152.83203125	84.8681500582882	72.2763111164796
1172.607421875	84.9078959534342	72.230212713526
1193.84765625	85.0851800698497	70.2785991761728
1214.35546875	84.9468017805223	68.044566423132
1235.595703125	84.7186538009216	67.7484687273181
1257.568359375	84.8138066056094	70.1414451335333
1279.541015625	85.4697319421833	70.6635094601813
1302.24609375	85.878904306245	67.3100638456413
1324.951171875	86.1095581574031	64.7804147083111
1348.388671875	86.2866607362275	61.4971193800573
1372.55859375	86.2428425508188	59.334891229257
1396.728515625	86.5063622846686	57.8904183902085
1420.8984375	86.6983684356502	53.7119194423568
1445.80078125	86.3710890847687	50.4472347345483
1471.435546875	86.1840250047242	50.2760640912265
1497.0703125	86.4445206731952	49.5125056198798
1523.4375	86.5429506520365	46.8994924970813
1550.537109375	86.6242685560911	46.3220455219933
1577.63671875	86.9935074147608	42.390737565432
1605.46875	86.6322291141993	37.7605423581242
1633.30078125	86.481653408607	37.379862897639
1662.59765625	86.5069054043157	34.1895621640771
1691.89453125	86.00117053092	31.7770727179176
1721.19140625	85.8909623905964	33.4320864147581
1751.220703125	86.1143998899574	30.963530685949
1781.982421875	85.6711145031599	29.2923875434296
1813.4765625	85.8674927214218	29.8948241614025
1845.703125	85.9696045637931	25.966074465711
1877.9296875	85.5990701244328	23.7413396935778
1910.888671875	85.2626048918774	21.807313926212
1944.580078125	84.8234513751186	22.6367132443137
1978.271484375	84.9666501531639	21.612483814043
2013.427734375	84.2974096211528	19.293572675953
2048.583984375	83.8718669528369	21.7983412962962
2084.47265625	83.6008381487037	24.3965646685956
2121.09375	83.9071831196062	28.1143013858993
2158.447265625	84.1517364776109	28.3806053392298
2196.533203125	84.7207835626044	29.6565236865143
2234.619140625	84.9466419428051	25.9262656823326
2274.169921875	84.8400961838815	26.9418276428135
2313.720703125	85.2258642811461	24.3728159601518
2354.736328125	85.1532342574231	23.0226118506355
2395.751953125	85.2822157223596	20.7424697971223
2438.232421875	85.2046216560757	19.5586866759799
2480.712890625	85.1568613803883	16.3924299583817
2523.92578125	84.6162658649796	16.3535916731674
2568.603515625	84.633034289726	16.9552679148122
2613.28125	84.4984598402074	16.9577228274487
2659.423828125	84.6354677223648	16.9022807054127
2706.298828125	84.4730635700935	14.9216257407864
2753.173828125	83.9558669754932	16.2273419738783
2801.513671875	83.9355363593635	20.3584543724609
2850.5859375	84.3581750615273	22.7267833543477
2901.123046875	85.0483394701927	24.3213852013544
2951.66015625	85.9329051702493	22.188159655218
3003.662109375	86.3117187874761	17.101801354876
3056.396484375	86.2894444292222	13.6772143810615
3109.86328125	86.5565400827121	9.39652332589591
3164.0625	86.1907217133418	2.11242011122338
3219.7265625	85.2739317693178	-0.313322129928297
3276.123046875	84.6825157177302	-0.375549808387606
3333.251953125	84.2365042790627	1.43281521987748
3391.845703125	83.8476143624157	2.30872462307579
3451.171875	83.5392599713607	5.03834253576119
3511.962890625	83.924560199973	8.84999431958051
3573.486328125	84.2981515413077	7.78474019650754
3635.7421875	84.2773043552975	5.88966310497685
3699.462890625	84.271907609041	5.76129750554897
3764.6484375	84.0643412197397	5.7426043260778
3830.56640625	84.1266218589229	6.56305702312539
3897.94921875	84.4474201761941	5.57948450186583
3966.064453125	84.3329101107334	5.497856996967
4035.64453125	84.1282506387518	6.5465985840792
4105.95703125	84.2067409081736	6.93998471581543
4177.734375	84.7727590540068	5.36322331143604
4250.9765625	84.950501375248	0.716228463657208
4325.68359375	84.3936290375665	0.0194583844910331
4401.123046875	84.1449922483887	1.84525222288841
4478.759765625	84.1346145737049	1.99318916986873
4557.12890625	84.1694041623252	0.831167557220043
4636.962890625	84.0700392880792	-0.450150491366739
4718.26171875	83.774630468046	1.36109639737856
4800.29296875	84.1652412222886	5.76173611770597
4884.521484375	85.0320670645321	4.42918370547247
4970.21484375	85.3275576254874	0.0115277467068331
5057.373046875	85.2056530114885	-3.78997615360002
5145.99609375	84.765977960185	-7.38430921024766
5236.083984375	83.909037442444	-7.38339068380316
5327.63671875	83.7549050190785	-2.6718640468442
5420.654296875	84.1001905719541	-2.00872615750047
5515.869140625	83.9016766488538	-2.28782560629035
5612.548828125	84.1204053224522	1.68808205235526
5710.693359375	85.1590947283846	1.40585338337415
5810.302734375	85.5391965353612	-4.70704310261135
5912.109375	85.2397677718977	-9.27259437653891
6016.11328125	84.9903414854933	-12.4492307976648
6120.849609375	84.3555553075584	-15.6121592670463
6228.515625	83.4907769898771	-14.7530435780845
6336.9140625	82.9444551311205	-11.8516817098829
6448.2421875	82.6605536765324	-6.60096075552065
6561.03515625	82.942303260039	-0.84895695955892
6676.025390625	83.7572988477568	3.01343936426343
6792.48046875	84.82188925984	2.34272397776228
6911.865234375	85.6325067366355	-2.24980568103174
7032.71484375	85.8728922134142	-9.69287221587966
7155.76171875	85.2017303727474	-14.3830038476782
7281.005859375	84.7330104339378	-13.9157551590489
7408.447265625	84.7563301669903	-13.5924826380565
7538.0859375	85.0351148627706	-13.8369160557471
7669.921875	85.1714256165421	-18.3471389815138
7803.955078125	84.8009552765926	-21.4506616068697
7940.91796875	84.3506252654091	-23.8246877498661
8079.345703125	83.7260097627924	-24.0224019975442
8220.703125	83.247120301705	-24.0328315339569
8364.990234375	82.6210315255248	-21.6742683977458
8511.474609375	82.2775559252651	-16.7859258133263
8660.15625	82.5341258125835	-11.685746202226
8811.767578125	83.3636643487787	-9.3854027636432
8965.576171875	84.0831727485758	-12.2587059282143
9123.046875	84.102886816429	-14.7619084063112
9282.71484375	84.1728537134854	-15.4494669407776
9444.580078125	84.2901089314224	-17.4990200569651
9610.107421875	84.2131057240265	-18.7720437677663
9777.83203125	84.2868461028644	-20.0626990412448
9949.21875	84.2248197070234	-22.6126688513813
10123.53515625	84.0931316461503	-24.9493990753053
10300.78125	83.4611044882612	-27.8827612241217
10480.95703125	82.6467271881492	-24.4556792042072
10664.0625	82.7653091114783	-19.2371448387878
10850.830078125	83.3251944789372	-17.399088097164
11040.52734375	83.8336065332775	-18.6697695300295
11233.154296875	83.7450392908115	-20.9665637670903
11430.17578125	83.7325246154444	-20.23255975378
11630.126953125	83.9484825942694	-19.7026486213432
11833.740234375	84.3913605759444	-19.4315902298701
12040.283203125	84.7699198903169	-22.7454536653514
12251.220703125	84.8208305615461	-24.9849936147271
12465.087890625	84.8060177143034	-26.6076053566176
12683.349609375	85.004404394473	-27.0297520472429
12905.2734375	85.3735338394634	-29.7491060221957
13130.859375	85.4961476822183	-33.9722837800904
13360.83984375	85.3238688318679	-38.0225698557906
13594.482421875	85.1609253394807	-40.0233155313684
13831.787109375	85.0865546905173	-43.0923439354816
14074.21875	84.8028804370257	-47.6434427091791
14320.3125	84.1872391631883	-50.5583536753871
14570.80078125	83.7162847001565	-50.5525899518133
14825.68359375	83.5787619112171	-50.9851439798039
15084.9609375	83.3101790007467	-53.5998562366963
15348.6328125	82.5974589634427	-55.1734838746328
15617.431640625	82.097511682648	-52.9118175552691
15889.892578125	82.1229082939124	-52.0701044552258
16168.212890625	81.8344220757587	-52.8393460199708
16450.927734375	81.3628350586782	-50.3072933380327
16738.76953125	81.5801304486054	-46.8535360753465
17031.73828125	82.1590512917793	-46.3935634951839
17329.1015625	82.5771241199784	-48.0697700686383
17632.32421875	82.8900278493786	-51.4827899541629
17940.673828125	83.0647119556182	-56.441343304104
18254.150390625	82.7774960944533	-61.6008721236869
18573.486328125	82.4229786568788	-64.3753648213925
18898.681640625	82.1904227318742	-68.5505828471839
19229.00390625	81.5748624709807	-72.8314967751773
19565.185546875	80.7794681391698	-75.0387765253493
19907.2265625	80.0820916213262	-75.6618493835885
20255.859375	79.3664265661795	-76.5233277824507
20609.619140625	78.7550872213521	-75.2213268490064
20969.970703125	78.4994968116761	-74.6193159099016
21336.9140625	78.0696509505335	-75.7011649755061
21709.716796875	77.3253272527523	-76.5657660145304
22089.84375	76.2330146272367	-74.1827123544091
22475.830078125	75.5699349205119	-67.0088130335607
22869.140625	76.1272346320689	-58.5503163452773
23269.04296875	77.3447606335018	-59.6168556569423
23675.537109375	77.5016352972007	-65.076789787083
24089.35546875	77.2942035459017	-68.5936434522156
24511.23046875	77.0308662949429	-71.2299037345994
24939.697265625	76.6994396771721	-74.2246727203947
25375.48828125	76.311450463025	-77.7664067576666
25819.3359375	75.5009018427599	-82.2012165108262
26270.5078125	74.2921873744556	-83.4040029911245
26730.46875	73.3966108227817	-81.5211170753744
27197.75390625	72.6575280378506	-81.7388929518729
27673.095703125	71.6181825733761	-81.1098221765337
28157.2265625	70.3484705805435	-77.5167593956368
28649.4140625	69.381841617478	-72.0431500415907
29150.390625	68.6160366785718	-63.8918555768425
29660.15625	68.6199519109707	-54.028601165923
30178.7109375	69.1690855814463	-49.9362438406614
30706.0546875	69.1850481390066	-48.1337016632279
31242.919921875	69.2756538598428	-45.4361879537037
31789.306640625	69.084526276572	-44.3199015633206
32345.21484375	68.7458759482647	-39.672529031788
32910.64453125	68.8060107671228	-35.6075085995096
33486.328125	68.8370161318167	-31.5427382893666
34071.533203125	69.1107779174363	-26.1128804307026
34666.9921875	69.9450167332016	-21.3825701367036
35273.4375	71.0911313103971	-21.8986379702864
35890.13671875	71.7346733440153	-26.3519608528447
36517.822265625	72.0853146049384	-31.8333643861991
37156.494140625	71.8107159527336	-40.4225629480581
37806.15234375	70.3554130834796	-45.4176091260811
38466.796875	69.0317130336403	-43.017880358311
39139.16015625	68.0759853179866	-38.4428137564887
39823.974609375	67.5320000794782	-31.762447857718
40519.775390625	67.5264287731191	-26.5003549085185
41228.02734375	67.5208098823542	-22.7824775197077
41949.462890625	67.520809882354	-19.6161109657278
42682.6171875	67.5208098823541	-16.7592836473428
43428.955078125	67.5208098823538	-14.0994873878352];

Data_Format = 'LeveldB_Phase';
Data_Domain = 'Frequency';
Data_AbscUnit = 'Hz';
Data_BaseUnit = 'V';
Data_xScale = 1;
Data_vScale = 1;
