CurveFormat = 6;
TDelayRemovedTRF = -0.000958333333333333;
SourceDesc = 'Fundamental + Minimal phase';
%[Hz]    dB-[V]    [deg]
Curve = [
46.875	38.5897770448289	67.7797072654752
48.33984375	38.589777044829	73.3070364791726
49.072265625	38.589777044829	78.239861709504
49.8046875	38.5897770448291	80.1344731403908
51.26953125	38.9221000906618	95.6638659372506
52.001953125	39.634343907175	106.068851689592
53.466796875	42.8080849558466	110.808174270389
54.19921875	44.4547404055005	109.753857495408
55.6640625	46.1188934531821	105.963672532275
56.396484375	46.995570271954	103.456106697532
57.861328125	48.9622981131496	94.4509745614287
58.59375	49.5550494070234	89.4316400868199
60.05859375	50.5391819132302	78.3768152458658
61.5234375	50.5470396116492	63.8729328836438
62.255859375	50.2161868304061	58.4272525618975
63.720703125	49.288563247373	50.5281239029744
65.185546875	48.2770931786253	47.460565633102
65.91796875	48.1093955747324	46.896168615858
67.3828125	47.5803008310372	43.4048031256445
68.84765625	46.8370088534242	43.1533832295586
70.3125	46.4569132539912	44.4149515797534
71.77734375	46.1781379766003	45.9120937526986
73.2421875	45.7877161479773	43.8621428498571
74.70703125	44.8033446550972	43.6489667431135
76.171875	44.7865968611667	47.4634977629947
77.63671875	44.6895861510345	49.7530230947338
79.1015625	44.5387109138077	49.7636301456498
80.56640625	44.587085843462	51.3430901195563
82.03125	44.2953155346452	52.913911890109
83.49609375	44.210069981925	53.1096063557923
84.9609375	44.1669539680276	55.1767722551478
87.158203125	43.4883129411577	56.9426986994104
88.623046875	43.4864754845096	60.0415200703923
90.087890625	43.7965198671171	62.3758181936859
92.28515625	43.3934760646607	62.8799056288665
93.75	43.6190387841538	67.7199155898599
95.21484375	43.8404951250568	69.5329678504119
97.412109375	44.0716256261806	66.2035246161938
99.609375	43.1584521535491	67.6633770689522
101.07421875	43.0896112293154	74.129682131328
103.271484375	43.6647741332655	80.4251279245119
104.736328125	44.0214914885735	80.1289087153535
106.93359375	44.2652378364463	80.0523540797816
109.130859375	44.310830105331	82.4472531422742
111.328125	44.3524622155199	84.4711410692094
113.525390625	44.4464503021875	87.280624578993
114.990234375	44.5286736662728	90.7668457527076
117.1875	45.201841758201	93.6789036353768
119.384765625	45.6335688160001	93.2317520455763
122.314453125	45.5752195733878	95.6824032565419
124.51171875	46.0010295036889	97.5988437088532
126.708984375	46.4084437121106	98.5196693332383
128.90625	46.5821153012081	99.7457399698409
131.103515625	46.7893385270669	99.958590174061
134.033203125	47.1583919966556	100.665223141336
136.23046875	47.4189613615141	102.98027359484
139.16015625	47.871609938964	104.260326566162
141.357421875	48.0895678176198	103.460423255709
144.287109375	48.2894059139157	104.849048551742
146.484375	48.5726167128164	105.705684148012
149.4140625	48.7958275746862	105.168407146841
152.34375	48.8888469124366	106.427043528378
155.2734375	49.1098188748628	107.604292928065
158.203125	49.3406537735436	108.363757453286
161.1328125	49.5621721804051	108.682482346973
164.0625	49.9019127583109	109.389047650855
166.9921875	50.0549254458567	110.405418813941
169.921875	50.12913931629	110.474283178613
172.8515625	50.1553590009051	111.109888055847
176.513671875	50.3698901499628	113.198182220798
179.443359375	50.5800759128366	114.429980917406
182.373046875	50.7777278811226	115.617369387594
186.03515625	50.9873017853478	117.825514980987
189.697265625	51.3548733175194	120.012105398386
192.626953125	51.7255134608054	120.326115163045
196.2890625	52.0299196069631	121.370359608411
199.951171875	52.2066269309809	122.385677748586
203.61328125	52.4761487389647	124.001453477757
207.275390625	52.7906064560111	125.01255572824
210.9375	53.1498383877627	125.774038932165
215.33203125	53.5188583926816	126.727448054294
218.994140625	53.8786267712095	127.966281670006
222.65625	54.1432648697458	129.208612669079
227.05078125	54.637502274088	130.840325132785
231.4453125	54.9454752244681	131.003481414378
235.107421875	55.223747547395	131.652561747953
239.501953125	55.6620378491601	132.614386521825
243.896484375	56.1209863221878	133.419785541998
248.291015625	56.6176990253322	133.184085957901
252.685546875	56.9989643963035	132.817052960689
257.080078125	57.29012427953	132.456244802458
262.20703125	57.5832751367782	131.952848893515
266.6015625	57.7378846806793	132.029372126809
271.728515625	57.9706962182688	132.821947375441
276.85546875	58.2608402268635	133.932649993888
281.25	58.6227161088292	134.932697009322
286.376953125	59.044968425027	135.647393349416
291.50390625	59.5512409985935	135.643165723824
296.630859375	59.9570840654544	135.231070477921
302.490234375	60.3190399188976	134.92826104277
307.6171875	60.6021049321005	134.63760748942
313.4765625	60.9393739406665	134.315527375435
318.603515625	61.2955723152947	134.335342378815
324.462890625	61.6425413067293	134.061173502698
330.322265625	62.0126836635949	133.191321400823
336.181640625	62.1727883937808	131.614689201057
342.7734375	62.2175831690856	131.48722940674
348.6328125	62.4102129949073	132.395293091205
354.4921875	62.6324969188932	133.210496088924
361.083984375	62.9010139053758	134.384494834528
367.67578125	63.3432261147913	135.528410886068
374.267578125	63.7592263502279	135.62313417962
380.859375	64.2134362053982	135.775600195865
387.451171875	64.6305491989786	135.289619519307
394.775390625	65.1012492842108	134.514121181848
402.099609375	65.4492821525202	133.038741275007
408.69140625	65.6913037751557	132.199926786843
416.015625	65.9719599583489	131.427670178263
423.33984375	66.2478741449144	130.433636526589
431.396484375	66.4124635674245	129.236706502041
438.720703125	66.4804265249471	129.001803510043
446.77734375	66.6214559551941	129.740646215872
454.833984375	66.9181445662393	130.667926932087
462.890625	67.3235521476525	130.968904313623
470.947265625	67.7071484820689	130.42903464559
479.736328125	68.0420376671107	129.269473673619
487.79296875	68.1795059588746	128.392897274244
496.58203125	68.2468725366154	128.233461040686
505.37109375	68.4113304393916	129.684758764582
514.16015625	68.8980112793995	130.999132362051
523.681640625	69.4728583147792	130.330192877885
533.203125	70.0108989691552	128.604142758233
542.724609375	70.300493455729	124.649647616194
552.24609375	69.8528544163358	121.288869349973
561.767578125	69.1280021612935	124.567012794936
572.021484375	69.4761684537389	131.94533224511
582.275390625	70.5379329105313	134.064623829057
592.529296875	71.2261645136223	133.161362599892
602.783203125	71.7529080951671	131.891957115291
613.76953125	72.1002230915891	129.42255982641
624.755859375	72.0604931882308	129.776770423575
635.7421875	72.5782906533671	132.237043528528
646.728515625	73.3124295051162	132.045790125147
658.447265625	73.9076960704778	129.394164799848
670.166015625	74.1931403308406	127.380303630656
681.884765625	74.4207595210385	125.911270380402
693.603515625	74.6093488485298	125.176849288089
706.0546875	74.8342987107669	125.118115999658
718.505859375	75.1833510725746	125.156702680748
730.95703125	75.5783355635743	124.743873823906
744.140625	75.9304975137425	124.350392020106
757.32421875	76.3650828990191	124.159454583611
770.5078125	76.9204222680843	122.963681846368
784.423828125	77.0738193092892	119.885865169519
798.33984375	77.07391012197	121.871015031177
812.255859375	77.9251867571289	124.034686426268
826.904296875	78.737687062927	121.291696295742
841.552734375	79.155702094018	118.612502175582
856.201171875	79.5387883115461	117.054224547491
871.58203125	79.9746110400631	115.295096247026
886.962890625	80.4588173970733	113.770568912491
902.34375	81.0043742097609	111.687507932472
918.45703125	81.565749904479	108.753085321266
934.5703125	82.0821666334221	104.664544178287
950.68359375	82.3893659519929	100.023250705962
967.529296875	82.4758129672673	95.210138910018
985.107421875	82.4253326154348	91.5066441953344
1001.953125	82.3568382056781	88.2743708587784
1019.53125	82.041697464436	86.6452004008789
1037.841796875	82.0496959391997	87.0458802794581
1056.15234375	82.2994277657668	86.2385935273969
1074.462890625	82.570921893652	85.3656270033867
1093.505859375	83.0475707961677	82.7310275322534
1113.28125	83.1405168800302	78.1144524634817
1132.32421875	82.8586043944655	75.2714096549442
1152.83203125	82.6973410835967	75.1262804745516
1172.607421875	82.8604003577926	74.9571768731715
1193.84765625	83.0097284392745	72.9941524549963
1214.35546875	82.9426043097681	71.852576990767
1235.595703125	82.9736377221257	71.3660564023184
1257.568359375	83.1363820479315	72.5053695300595
1279.541015625	83.7418440560416	72.2834069431843
1302.24609375	84.0480803560616	68.6233783953544
1324.951171875	84.1760392001285	66.2923705477212
1348.388671875	84.2653951994856	64.0754514575523
1372.55859375	84.412611302955	63.2321854782912
1396.728515625	84.9100237924351	60.7501027177422
1420.8984375	84.9804414674231	55.4450470967033
1445.80078125	84.5936182144073	53.0454046138292
1471.435546875	84.5853465930523	52.2367248918744
1497.0703125	84.6353015923613	50.3792631648933
1523.4375	84.6103403592272	49.0529788093194
1550.537109375	84.7354583002421	48.3479570072315
1577.63671875	84.8927998776677	44.4202766377206
1605.46875	84.4560895748901	41.9254856123061
1633.30078125	84.4767156577987	42.1254025416633
1662.59765625	84.3688678657708	39.2977685911743
1691.89453125	83.9304669409313	38.7613121656628
1721.19140625	83.9089063097092	41.0245185822921
1751.220703125	84.1491956064341	40.2916935136474
1781.982421875	83.9586770479907	39.5121128627629
1813.4765625	84.1382094264962	40.2892568383898
1845.703125	84.2449114123098	39.2681984255316
1877.9296875	84.2021746011736	39.700375278859
1910.888671875	84.371875103277	40.778384860961
1944.580078125	84.8068168794047	41.7122665775042
1978.271484375	85.3516332503659	39.7704748899184
2013.427734375	85.5414242008002	37.7891014784662
2048.583984375	85.871331432191	36.6001917548477
2084.47265625	86.297515318479	34.8376768633843
2121.09375	86.8118305847335	30.9021153344203
2158.447265625	86.8959879011106	25.5334806404961
2196.533203125	86.9257782167398	21.3846890692716
2234.619140625	86.5755887228118	16.9920964766348
2274.169921875	86.1801564878132	16.2602178768305
2313.720703125	86.1106473770941	13.8586297139608
2354.736328125	85.9355975855278	12.9689518153101
2395.751953125	86.0277351646562	10.2514177467385
2438.232421875	85.765364839199	6.95212023204302
2480.712890625	85.1626721836588	3.77211349229379
2523.92578125	84.2962826583897	5.59273938793819
2568.603515625	84.1334160786339	9.36195820544058
2613.28125	84.2199647805636	12.4172396673456
2659.423828125	84.7044748724784	14.2742845778441
2706.298828125	85.173510646185	13.1910455788147
2753.173828125	85.2898869969853	11.347598634639
2801.513671875	85.379533703793	11.3931972453866
2850.5859375	85.7093884632042	11.5759055522209
2901.123046875	86.3157170440979	10.5107191444296
2951.66015625	86.798964114	6.8791945954709
3003.662109375	87.1326213894423	3.43972513613223
3056.396484375	87.3870241851997	-3.63335544154453
3109.86328125	86.8001123259454	-10.4192505640987
3164.0625	85.9671622001223	-12.0634262563804
3219.7265625	85.5710676188993	-10.1897176319726
3276.123046875	85.8022160779701	-10.4363216718192
3333.251953125	85.9245148084066	-12.2103511145241
3391.845703125	85.9440197084605	-16.5542485040783
3451.171875	85.3011508252316	-21.5687154529778
3511.962890625	84.3859726585743	-21.2782884869156
3573.486328125	83.7398641217919	-17.3695273946992
3635.7421875	83.8781833154009	-12.5768688366495
3699.462890625	84.533652171654	-10.9548742083761
3764.6484375	84.9817244703195	-12.6845254575718
3830.56640625	85.2253286950835	-15.3917320546712
3897.94921875	85.3619002765584	-17.9301170423228
3966.064453125	85.3805636326569	-19.7065629257602
4035.64453125	85.2228449026982	-21.8612227293528
4105.95703125	85.1450700117055	-23.3909032003656
4177.734375	85.3697865183886	-25.983445632703
4250.9765625	85.3051067956926	-30.6232663203713
4325.68359375	84.6248937564291	-32.9089514106565
4401.123046875	84.1585472932024	-30.8904126583019
4478.759765625	84.4032243728612	-29.9700447678932
4557.12890625	84.6379931499247	-33.4556238366919
4636.962890625	84.4083751525313	-37.2475720259623
4718.26171875	83.8783501388025	-38.8629053845724
4800.29296875	83.5572484423758	-37.0269802652476
4884.521484375	83.7300261278869	-37.5308419424073
4970.21484375	83.458172479036	-39.6467967953091
5057.373046875	83.2391421759464	-38.5610940964673
5145.99609375	83.2793248056832	-39.7657586317562
5236.083984375	82.8586298027014	-41.0434227702292
5327.63671875	82.7500869721715	-38.4661018559891
5420.654296875	83.0474982751324	-38.8689041352147
5515.869140625	82.7901995661836	-41.0287239236136
5612.548828125	82.5692834382512	-37.3741260505448
5710.693359375	83.4733562029323	-34.691286418691
5810.302734375	84.2881588232196	-40.0875726411307
5912.109375	84.2195204686365	-46.3122794291023
6016.11328125	84.1005466903117	-50.2046526475824
6120.849609375	83.7217612092458	-54.9453937925524
6228.515625	83.0534454922238	-56.3084865925802
6336.9140625	82.8693900691458	-56.8913432058663
6448.2421875	82.6495593923667	-59.1287445793705
6561.03515625	82.0858872851787	-60.5327994958616
6676.025390625	81.7378740746186	-59.657573766738
6792.48046875	81.4142749564239	-60.2936804822229
6911.865234375	81.2204180049974	-56.6673207921244
7032.71484375	81.9201496714241	-57.536088673926
7155.76171875	81.6196481478422	-63.3931882873787
7281.005859375	81.0587417738108	-63.5233760816397
7408.447265625	80.944180297395	-63.228171825502
7538.0859375	80.7485023079481	-61.3262180000054
7669.921875	80.9781051256694	-60.5094827696055
7803.955078125	81.1569261320331	-61.186092181605
7940.91796875	81.5081070621615	-63.4955101418505
8079.345703125	81.5559928683448	-66.9507597852883
8220.703125	81.6463933839168	-70.7852963710252
8364.990234375	81.326904929201	-75.4640791154626
8511.474609375	80.7575911563538	-78.4513935762482
8660.15625	80.3823977917936	-79.8243068987593
8811.767578125	80.0936488429482	-81.7341113823921
8965.576171875	79.4555832556685	-83.7051057580432
9123.046875	78.6687576694739	-82.43768375975
9282.71484375	78.3147033684999	-78.4894981437562
9444.580078125	78.7579258346435	-75.9766822066248
9610.107421875	79.0462232386096	-77.7500360531652
9777.83203125	79.419979631615	-79.0475153452093
9949.21875	79.7721573773108	-85.1036085809555
10123.53515625	79.5199943877479	-90.8732348248603
10300.78125	78.8117134922174	-97.1681569390367
10480.95703125	77.7420504102563	-98.109426870716
10664.0625	77.2534646264348	-97.6358315993991
10850.830078125	76.8980129010409	-98.1681219298651
11040.52734375	76.5559351412919	-99.2677191619311
11233.154296875	75.8984803720383	-101.72977977124
11430.17578125	75.2727807533943	-100.930289386076
11630.126953125	74.8720735915821	-99.4347613497876
11833.740234375	74.6433892450254	-97.3513131487518
12040.283203125	74.6263757982866	-98.7854166425415
12251.220703125	74.3691632262274	-98.8822211698816
12465.087890625	74.1552280590017	-99.2951813969137
12683.349609375	74.0957460348244	-98.6377644271213
12905.2734375	74.2680026408246	-101.07319236358
13130.859375	74.1120879041217	-105.113692820818
13360.83984375	73.6300824909261	-109.625837285851
13594.482421875	72.9591263059251	-112.453586803314
13831.787109375	72.0927804974383	-114.470104677407
14074.21875	71.3322969730778	-116.148607770983
14320.3125	70.3369151087913	-115.968227366766
14570.80078125	69.6663471822706	-112.485335910212
14825.68359375	69.6832446197598	-111.26722804978
15084.9609375	69.4919376034724	-113.699410456789
15348.6328125	68.7144168216774	-116.759016519932
15617.431640625	67.7199873249735	-115.602398832165
15889.892578125	67.9058716637148	-114.929873519294
16168.212890625	67.5035012022714	-121.972728496961
16450.927734375	66.1337762362865	-125.752392306736
16738.76953125	64.8302601202791	-130.093555108988
17031.73828125	62.4761651661825	-132.975000540755
17329.1015625	60.1462684178809	-126.837267695114
17632.32421875	58.3515702646063	-119.8454508375
17940.673828125	56.6878195571701	-108.155928187466
18254.150390625	55.5693843811338	-110.860908282907
18573.486328125	48.5513720494799	-80.9731234061432
18898.681640625	49.8634312477963	-22.7237978683071
19229.00390625	53.5126140364397	-6.6360899783826
19565.185546875	57.7276757515321	10.0593992789714
19907.2265625	62.0228223525553	14.3966740144718
20255.859375	64.8928490633914	5.78545449868428
20609.619140625	66.7529024615644	-4.24096269100405
20969.970703125	67.8082175770369	-15.3912409099903
21336.9140625	68.0253032622408	-23.5031359992153
21709.716796875	68.1553369558838	-27.705677968718
22089.84375	68.7249011776854	-30.0676880982089
22475.830078125	69.3553481896256	-35.9978139162764
22869.140625	69.2846177795065	-42.899819671047
23269.04296875	69.3050610683644	-44.175419397049
23675.537109375	70.2042705288795	-48.6046350241195
24089.35546875	70.5625483184032	-59.490793925158
24511.23046875	70.0065668825228	-70.2928849742187
24939.697265625	68.9905195760532	-76.9243865155285
25375.48828125	68.3495186281593	-81.8835650785945
25819.3359375	67.7421881945477	-90.4680046140681
26270.5078125	65.8360338509116	-100.882757391784
26730.46875	63.3204536721384	-104.085481205652
27197.75390625	59.9757429804686	-99.2974746532474
27673.095703125	58.6626983688323	-78.6306409475128
28157.2265625	59.8906003213443	-70.0860561626101
28649.4140625	59.1128043723276	-72.3817121510775
29150.390625	58.0556416754877	-62.3477560018819
29660.15625	58.9385036733051	-54.4995249851121
30178.7109375	58.9343112560205	-59.177296438167
30706.0546875	57.6562673066927	-57.5406243816569
31242.919921875	56.9521623347561	-50.9390219422936
31789.306640625	55.784170549836	-41.7440317897346
32345.21484375	55.9550482239621	-23.6342179896929
32910.64453125	57.7059715893127	-17.7754328490248
33486.328125	58.6734459500105	-14.2988847995149
34071.533203125	60.0059587886626	-14.0281045995329
34666.9921875	60.8649281805909	-17.0203910172859
35273.4375	61.1426481393687	-21.7990808947849
35890.13671875	61.2483710739125	-24.1710862768202
36517.822265625	61.0411213518103	-31.1822208519118
37156.494140625	59.7225113624838	-30.8370233886454
37806.15234375	59.3758544049554	-24.9504930674241
38466.796875	59.210983295961	-22.9520173438414
39139.16015625	59.2371283756796	-20.0542861395448
39823.974609375	59.3083109823441	-18.4174707532779
40519.775390625	59.193978353267	-16.5472206463148
41228.02734375	59.1941351386797	-14.6462548154833
41949.462890625	59.1941351386797	-12.880250549633
42682.6171875	59.1941351386798	-11.1831612088878
43428.955078125	59.1941351386792	-9.52560740536489];

Data_Format = 'LeveldB_Phase';
Data_Domain = 'Frequency';
Data_AbscUnit = 'Hz';
Data_BaseUnit = 'V';
Data_xScale = 1;
Data_vScale = 1;
