CurveFormat = 6;
TDelayRemovedTRF = -0.000958333333333333;
SourceDesc = 'Fundamental + Minimal phase';
%[Hz]    dB-[V]    [deg]
Curve = [
46.875	47.114635640893	16.5905715716582
48.33984375	47.114635640893	14.6378321632101
49.072265625	47.1146356408929	12.9642011034644
49.8046875	47.114635640893	7.10252359137809
51.26953125	43.5308579840116	-1.35806626871126
52.001953125	40.6531788280765	7.85528016085658
53.466796875	41.0458323988283	57.2375583683905
54.19921875	44.0265556082205	69.3963463102419
55.6640625	47.9789883879587	58.7532499161512
56.396484375	48.8823151463636	55.1759206392674
57.861328125	49.9969980215358	47.9268876898578
58.59375	50.5114149988288	44.2952437381463
60.05859375	51.2562136681261	32.6957179138107
61.5234375	50.6437875779079	22.8036126191304
62.255859375	50.449402748385	19.7326937583619
63.720703125	49.4014262397725	15.4881829225593
65.185546875	48.5156493120295	15.3209170108038
65.91796875	48.2310539956415	15.5975010569791
67.3828125	47.731393879118	18.6113757424577
68.84765625	47.8928116690934	15.9146130488509
70.3125	47.2004063651069	16.1176760727205
71.77734375	47.2960695660954	16.7427317297352
73.2421875	47.0479569302918	11.7503025212495
74.70703125	45.6944423778731	9.4999733494619
76.171875	44.5807275199837	16.9984990659834
77.63671875	44.4237959938986	22.0712383935282
79.1015625	43.9226684742388	26.5750682705163
80.56640625	43.739708762377	31.9430576456
82.03125	44.3342947304926	38.2422773457879
83.49609375	44.5805824021975	40.332699649885
84.9609375	44.8852849774651	38.9756503825418
87.158203125	44.7833758855839	40.532279284397
88.623046875	44.5906536165579	42.346539203675
90.087890625	44.9243446627813	44.5056319585585
92.28515625	44.5516609539791	44.0674615828865
93.75	44.3071496300972	46.1752379449152
95.21484375	43.5051543487744	49.4605681092451
97.412109375	43.8005134319416	59.7503603299463
99.609375	45.4293038824201	61.5994883128471
101.07421875	45.6024494496011	58.1147709547657
103.271484375	45.2545244877138	57.1930717406905
104.736328125	44.6946690043765	61.4121900979692
106.93359375	44.5373575559223	66.2898929126812
109.130859375	44.6601823463495	67.9028553919186
111.328125	45.2427678167934	71.2820955746863
113.525390625	45.573832950226	71.6219954142711
114.990234375	45.1863672714753	75.1368739147915
117.1875	45.7413713635898	80.6618217067887
119.384765625	46.1659789336259	82.5480149907884
122.314453125	46.7369303410458	83.2138992083635
124.51171875	46.5677554929386	84.2594285593801
126.708984375	47.0591218410831	86.5316809255177
128.90625	47.3417478366763	87.4722678274026
131.103515625	47.5205218513481	89.015288802068
134.033203125	47.8401644835902	91.260316218155
136.23046875	48.1424400948133	92.2887747555227
139.16015625	48.2488072145009	92.5710402162573
141.357421875	48.3934204218871	94.8858074001306
144.287109375	48.8439373240556	97.6566275923277
146.484375	49.2541046135988	96.8757813146877
149.4140625	49.2669513070432	96.9855820187285
152.34375	49.3011422525426	100.544352194387
155.2734375	49.9059748910617	101.850348895102
158.203125	50.15800825843	101.820532885969
161.1328125	50.1905046139277	102.302708130298
164.0625	50.4504495485867	103.673729815757
166.9921875	50.6667210854334	105.710273213498
169.921875	50.8608044282074	106.627230829515
172.8515625	51.006863713679	107.638765625551
176.513671875	51.3396648324149	110.28054782479
179.443359375	51.5448332818632	111.258462637147
182.373046875	51.8302376152162	112.130269241771
186.03515625	52.0411110216553	113.814802122303
189.697265625	52.2815014297929	116.431150135858
192.626953125	52.6248179100362	116.934849990963
196.2890625	53.0752264950999	117.700314047284
199.951171875	53.3126382931947	118.878802157258
203.61328125	53.5642809962403	120.688801580479
207.275390625	53.8324178443728	121.753972656198
210.9375	54.1840120851633	122.779298137111
215.33203125	54.5037454417082	124.039433490923
218.994140625	54.8059862210935	125.527203665895
222.65625	55.1197030437941	126.87799264397
227.05078125	55.6073330363511	128.611723634974
231.4453125	55.9928726809937	129.584039011194
235.107421875	56.3169802338734	130.215666626451
239.501953125	56.7717731520041	131.058298066102
243.896484375	57.2087055180906	131.548218303398
248.291015625	57.6315011977066	131.523136162544
252.685546875	58.0330185617603	131.277216431571
257.080078125	58.3032694561695	131.158129351085
262.20703125	58.6083005470535	130.672124851297
266.6015625	58.7109922475079	130.771903655663
271.728515625	58.84895006334	132.223516973817
276.85546875	59.1598766529523	133.911225324277
281.25	59.5147811780068	135.054958064852
286.376953125	59.943159759905	136.104907028467
291.50390625	60.3544567818163	136.444647057326
296.630859375	60.7367785962927	136.83275299463
302.490234375	61.1325718971696	137.396758163561
307.6171875	61.4698772402691	137.598556063488
313.4765625	61.8763459958199	137.753382222388
318.603515625	62.2578225989801	138.101861857544
324.462890625	62.655316648281	138.127967515814
330.322265625	63.0264138360506	137.487596375127
336.181640625	63.2104002746169	136.603638868491
342.7734375	63.3277663020575	137.052018272629
348.6328125	63.6131512167398	138.353342732272
354.4921875	63.9010611423012	139.277877607815
361.083984375	64.2068224655826	140.709313068732
367.67578125	64.666739636598	142.237452094832
374.267578125	65.1807363527879	142.880329074398
380.859375	65.7261132970139	143.106665512175
387.451171875	66.1803245540526	142.766531751422
394.775390625	66.6990333813306	142.41669015098
402.099609375	67.1374533339881	141.330244851136
408.69140625	67.4510581260441	140.714004355366
416.015625	67.8174816823886	140.168794015214
423.33984375	68.1549039327077	139.425931297072
431.396484375	68.4593836231876	139.155411826242
438.720703125	68.7251613188592	139.166079312633
446.77734375	69.0718817456574	139.562676904007
454.833984375	69.5285851164181	139.902648604606
462.890625	70.0465521891629	139.624967420717
470.947265625	70.5444869876207	138.61409064939
479.736328125	71.0143584754061	136.882829277011
487.79296875	71.2979991803481	135.306069135505
496.58203125	71.5589985371724	133.756404522643
505.37109375	71.7954435191811	132.33997777674
514.16015625	71.9138164001411	131.031296170473
523.681640625	71.9699098924138	130.907097160092
533.203125	72.1904412462491	131.606957008342
542.724609375	72.488781710139	131.976506540459
552.24609375	72.7878454793086	131.911321492944
561.767578125	72.9683439586028	132.849971599803
572.021484375	73.6226588888042	134.755123194993
582.275390625	74.5032783422277	132.089101682153
592.529296875	74.6249724268895	127.712424106546
602.783203125	74.3276397320904	127.350704154221
613.76953125	74.5154684058328	130.111633686876
624.755859375	75.0878137401816	131.931308439775
635.7421875	75.8640149226974	131.169555913594
646.728515625	76.321214023211	128.676802425731
658.447265625	76.422863310231	126.874976223183
670.166015625	76.7496112194103	128.297124741624
681.884765625	77.4447755631484	127.288177145274
693.603515625	77.8678780634986	124.840236130299
706.0546875	78.121779446528	122.82084954826
718.505859375	78.3554445761894	121.489651584116
730.95703125	78.6270382357906	120.501652884231
744.140625	78.9180325091195	119.825405151225
757.32421875	79.3398467901096	118.999366483184
770.5078125	79.7929695940084	116.951784955117
784.423828125	79.8820572687321	113.781560324429
798.33984375	79.9061896835039	114.54748356321
812.255859375	80.5330327161948	114.934559966225
826.904296875	80.991251747274	111.735015042273
841.552734375	81.1110338475923	109.599626246613
856.201171875	81.2856184006481	108.664002282697
871.58203125	81.497547537304	107.759034731647
886.962890625	81.7724429094776	107.340983829294
902.34375	82.0868610312245	106.732635502357
918.45703125	82.4349244973491	106.591065183941
934.5703125	83.0384285541426	106.603839830884
950.68359375	83.7682065122667	104.687727779334
967.529296875	84.3930911416116	100.741966262995
985.107421875	84.7950092227171	96.1107753093835
1001.953125	84.9750828675552	91.8409276096354
1019.53125	84.9826128882544	88.9755823354505
1037.841796875	85.2160827817747	86.2870473286698
1056.15234375	85.3192552029025	82.5337937065799
1074.462890625	85.2689651336781	80.2775845722054
1093.505859375	85.5024191548418	78.4503412203738
1113.28125	85.7337458525327	74.5011660946058
1132.32421875	85.5759165070139	70.0971339187881
1152.83203125	85.2392255726061	68.1847804673506
1172.607421875	85.1867525537348	67.8347107345637
1193.84765625	85.2972041295856	65.6476306850669
1214.35546875	85.0603550035267	63.1407411465797
1235.595703125	84.6934039730739	62.995084245634
1257.568359375	84.70859194343	66.0041223110724
1279.541015625	85.369976734609	67.1102191177896
1302.24609375	85.8040972295994	63.9100252042692
1324.951171875	86.0443311793347	61.4988351973476
1348.388671875	86.2800187656554	57.9069942211597
1372.55859375	86.1667784496203	54.941506394838
1396.728515625	86.2890562187419	53.5874946952048
1420.8984375	86.4467221025897	49.7208007838298
1445.80078125	86.0703859593375	46.1666909148907
1471.435546875	85.7274157036222	46.241818027861
1497.0703125	85.9414777028705	46.0811837094863
1523.4375	85.9540607118575	43.7186833070803
1550.537109375	85.963701702725	44.1127279125107
1577.63671875	86.3310892918043	40.8209811877831
1605.46875	85.9381775158603	36.7860448919099
1633.30078125	85.7897420298179	37.4520009013939
1662.59765625	85.904401204866	35.0522775600718
1691.89453125	85.4507283830141	33.3351204110442
1721.19140625	85.5008944929643	35.6837356896499
1751.220703125	85.8625056992338	33.0248489894031
1781.982421875	85.4967013848279	31.7337232716867
1813.4765625	85.9103726288954	32.2401629428632
1845.703125	86.1253451515016	27.5794466531585
1877.9296875	85.9183375269463	25.0426136316694
1910.888671875	85.8235464561884	21.3013761158872
1944.580078125	85.347432107269	19.6610320823886
1978.271484375	85.3920397255122	17.1014869001163
2013.427734375	84.5395970304861	12.3627856647403
2048.583984375	83.8201996369346	13.1147176910437
2084.47265625	82.9867868685174	13.9984756513376
2121.09375	82.5735002160836	19.5028631538271
2158.447265625	82.4348688367151	23.1400179278512
2196.533203125	83.0488378675305	28.0342319804249
2234.619140625	83.3609995514377	25.2994323668817
2274.169921875	83.266107215209	28.5920117539003
2313.720703125	83.8332312238074	26.6920216486519
2354.736328125	83.8132492431789	25.7545056760404
2395.751953125	83.8888498991255	23.1239785755122
2438.232421875	83.6350368599896	23.4357852287747
2480.712890625	83.5338316557958	22.3091469087261
2523.92578125	83.1059056551916	24.7959291624785
2568.603515625	83.3257133286707	26.8952807911572
2613.28125	83.4706598761174	28.4128690596322
2659.423828125	83.8953446356749	28.2342109792745
2706.298828125	83.8606604966044	26.5673248238535
2753.173828125	83.6032397717151	28.8342867256766
2801.513671875	83.9203218148554	32.5172664044181
2850.5859375	84.4676856479286	34.0440605222555
2901.123046875	85.3439864416749	35.1655011473002
2951.66015625	86.2809614439867	32.0562920837862
3003.662109375	86.7657836852954	27.3253210195523
3056.396484375	86.9911419240496	22.5370301863586
3109.86328125	87.0760798881838	17.0124309577534
3164.0625	86.7498432030298	11.3665486960208
3219.7265625	86.2236374920494	9.09410325003943
3276.123046875	85.9399951505949	7.07422182821461
3333.251953125	85.6009436873718	5.46462683879043
3391.845703125	84.9595766302127	3.25134042762513
3451.171875	84.1342343418482	4.1771646769762
3511.962890625	83.8342036334365	9.87599442484086
3573.486328125	84.1405198601516	14.0644555636434
3635.7421875	84.6901992068597	14.3607080668657
3699.462890625	85.0975644956597	13.1872805275061
3764.6484375	85.0937189978261	11.8229840830476
3830.56640625	85.1051913440117	11.0097523118263
3897.94921875	85.4242901031155	10.5322431946031
3966.064453125	85.6954429731763	9.91208346598402
4035.64453125	85.6999753430807	8.32799562187946
4105.95703125	85.7116603109162	5.9092843181633
4177.734375	85.9887201035762	1.8544160752595
4250.9765625	85.7736628563687	-3.6847331497468
4325.68359375	84.9147665171691	-3.73273804429838
4401.123046875	84.6182029407675	-1.23887539707158
4478.759765625	84.631607486241	-2.2968133562098
4557.12890625	84.351780195871	-5.19331738684362
4636.962890625	83.8315766935948	-6.35087009683001
4718.26171875	83.1259235077893	-4.33027588813945
4800.29296875	83.0675723800284	2.6387210367761
4884.521484375	83.7402527242849	4.42920005806608
4970.21484375	83.9325547160745	4.59096999009435
5057.373046875	84.4075366510413	4.79875556657675
5145.99609375	84.5706677926747	0.384428126346012
5236.083984375	83.9029349038019	-1.57180856562757
5327.63671875	83.6359514399462	1.13781319600629
5420.654296875	83.5490525762889	1.58751079775306
5515.869140625	83.0870325349771	5.06703444337533
5612.548828125	83.7050690081545	11.8459004796318
5710.693359375	84.9154532711085	11.0381378874089
5810.302734375	85.2568286228823	7.88343895048046
5912.109375	85.6633236077186	6.30667906728124
6016.11328125	86.0820277010803	1.32026519360156
6120.849609375	85.8205401142167	-3.47552681966363
6228.515625	85.5162427613223	-5.3295183743243
6336.9140625	85.1423284064465	-7.53894664309291
6448.2421875	84.5750077059898	-6.91936024404666
6561.03515625	84.4547580111823	-3.91093441381093
6676.025390625	84.7138774908967	-1.80840260171166
6792.48046875	85.1184953109331	-1.84006715798159
6911.865234375	85.5293856585838	-2.99165752532799
7032.71484375	85.992550195658	-6.30680480253893
7155.76171875	85.899159108712	-11.3069165675045
7281.005859375	85.481284558047	-14.8814599858307
7408.447265625	84.9948898785861	-16.190925658521
7538.0859375	84.8031830687	-15.3605661506228
7669.921875	84.7469808404247	-17.704051603301
7803.955078125	84.410793253495	-18.7176367627881
7940.91796875	84.0480236065253	-20.594786791469
8079.345703125	83.1334182496444	-19.7671367838801
8220.703125	82.8480889255828	-15.7332327159763
8364.990234375	82.8406773917932	-12.5456870775623
8511.474609375	83.0211696825316	-9.61088940972341
8660.15625	83.2131407079591	-9.85099207344893
8811.767578125	83.2494676221286	-7.91773884981463
8965.576171875	83.8601744842061	-7.509647249692
9123.046875	83.9950472624857	-10.5444228201196
9282.71484375	83.7326948199059	-11.3440833181392
9444.580078125	83.5057658519141	-10.0632478600696
9610.107421875	83.6991044544537	-6.93315764174945
9777.83203125	84.3464263124213	-7.42575004689124
9949.21875	84.4367238815303	-11.2473738159077
10123.53515625	84.2409157088201	-12.7867206382056
10300.78125	83.9017374387107	-14.095202527249
10480.95703125	83.5058798528893	-10.9589349133754
10664.0625	83.8255070721617	-7.51380590464431
10850.830078125	84.3319995246197	-6.67465652929279
11040.52734375	84.9587637993919	-8.26820704412993
11233.154296875	84.880415740063	-11.6879261198495
11430.17578125	84.7587182906869	-11.1279733032979
11630.126953125	84.9616999303745	-10.1720776942955
11833.740234375	85.4877008459602	-9.84248262332878
12040.283203125	85.9010065101177	-13.1616073799565
12251.220703125	86.0080686675535	-15.5411733988148
12465.087890625	86.0423815776131	-17.1419532517538
12683.349609375	86.3244607586233	-17.6774950379081
12905.2734375	86.76305804955	-20.8460735544945
13130.859375	86.8828266159602	-25.6739966578276
13360.83984375	86.682221956555	-29.8890438245254
13594.482421875	86.5060068039177	-31.9130775455011
13831.787109375	86.4299627717959	-34.762469101978
14074.21875	86.1742641224743	-39.1975391851427
14320.3125	85.5825027023428	-42.469775111288
14570.80078125	85.0311588227017	-42.6257484726024
14825.68359375	84.8278460703957	-42.3254047336242
15084.9609375	84.5413859650018	-44.0015014085669
15348.6328125	83.910013885253	-44.3670491302671
15617.431640625	83.5774914679162	-41.604699308186
15889.892578125	83.7108880947237	-40.3179382584897
16168.212890625	83.6620588594688	-40.454491596141
16450.927734375	83.4532400252807	-38.9125450963128
16738.76953125	83.6832130402584	-37.009847673542
17031.73828125	84.0780708818495	-37.3606921744355
17329.1015625	84.2144989970394	-37.4473416712686
17632.32421875	84.6698647573261	-37.7975124446455
17940.673828125	85.2043036509426	-41.5749687028819
18254.150390625	85.251083192069	-45.8006016312142
18573.486328125	85.3003809499877	-48.2369042190466
18898.681640625	85.565284460117	-53.439180464859
19229.00390625	85.116457826232	-60.7217618962768
19565.185546875	84.1861415757961	-63.046219662367
19907.2265625	83.733760363153	-62.4211631511279
20255.859375	83.522395437061	-63.5726339330255
20609.619140625	83.2385628658986	-64.9575510294224
20969.970703125	82.9445039632264	-66.080979099725
21336.9140625	82.5998106289394	-66.2377145832487
21709.716796875	82.4579943217334	-66.2769587323536
22089.84375	82.2580409438783	-67.1343108459526
22475.830078125	82.0093075518875	-67.1018565460366
22869.140625	82.0286247682026	-65.7587069922051
23269.04296875	82.4368411689394	-66.5344865329693
23675.537109375	82.7013229479557	-69.9022728232447
24089.35546875	82.751569983101	-73.5243366970842
24511.23046875	82.8880411192277	-76.9837569577323
24939.697265625	83.0510325908902	-83.0521887553144
25375.48828125	82.7889780280942	-90.499942339437
25819.3359375	82.280613809025	-97.8391184471119
26270.5078125	81.4256775950335	-105.189074761857
26730.46875	80.3281449833597	-110.774121650687
27197.75390625	79.105250251341	-115.907042519874
27673.095703125	77.6450634664039	-119.322149120136
28157.2265625	76.3677272275587	-120.952507398562
28649.4140625	74.9237305923056	-125.9291938268
29150.390625	72.3128695499387	-129.233181127282
29660.15625	69.2793147447125	-124.351660539595
30178.7109375	65.7638395784051	-106.741799706066
30706.0546875	65.4122410304952	-72.4881610791587
31242.919921875	68.3502533899356	-54.223169395027
31789.306640625	71.1819259754169	-54.8220774904813
32345.21484375	72.4009668655628	-63.0663219173294
32910.64453125	72.522250977669	-70.8443963962405
33486.328125	72.1136196556605	-76.1756267598724
34071.533203125	71.3969053677611	-80.6491294894021
34666.9921875	70.450703304549	-81.0646130491162
35273.4375	69.8379723137957	-82.1277957419319
35890.13671875	68.7515722339025	-83.4602032643246
36517.822265625	67.3840783893868	-78.7733710116889
37156.494140625	67.4697892542704	-71.5962121359891
37806.15234375	67.7421538598521	-75.9524968055252
38466.796875	66.36492607217	-79.9922074564613
39139.16015625	64.5979212938214	-78.4773314680307
39823.974609375	62.7582554465036	-71.4957419452983
40519.775390625	61.7336749109394	-58.9463110027983
41228.02734375	61.6876145903132	-48.586542022864
41949.462890625	61.687614590313	-41.2030459646213
42682.6171875	61.6876145903132	-34.8746341960267
43428.955078125	61.6876145903131	-29.1480879448931];

Data_Format = 'LeveldB_Phase';
Data_Domain = 'Frequency';
Data_AbscUnit = 'Hz';
Data_BaseUnit = 'V';
Data_xScale = 1;
Data_vScale = 1;
