CurveFormat = 6;
TDelayRemovedTRF = 0.00195833333333333;
SourceDesc = 'Fundamental + Minimal phase';
%[Hz]    dB-[V]    [deg]
Curve = [
46.875	63.0749265802259	54.0639977253019
48.33984375	63.0749265802259	58.4998076108885
49.072265625	63.0749265802259	61.0092370804179
49.8046875	63.0749265802259	65.0164980668848
51.26953125	63.8415019519247	74.2513040797922
52.001953125	64.5664595462585	77.4235416847618
53.466796875	66.0761986398963	79.4952585146093
54.19921875	66.7851254706475	79.2765725888378
55.6640625	67.9163625304597	77.1138528137915
56.396484375	68.4525698098686	74.938981196849
57.861328125	69.2000947229949	69.5667151910159
58.59375	69.3654030591252	66.6040998179472
60.05859375	69.2946967521417	60.7572810419566
61.5234375	68.8127572701324	57.9753451674609
62.255859375	68.5561299837886	57.725407040709
63.720703125	68.1824382578721	59.7779275240774
65.185546875	68.1768057699793	62.5174253443326
65.91796875	68.2386596657853	63.8749484369122
67.3828125	68.5400714573159	66.2874050327233
68.84765625	68.8980205470397	67.4621711103357
70.3125	69.2161758481198	68.6197972682472
71.77734375	69.6361988929992	69.4045835766036
73.2421875	70.0263464955926	69.1901754489509
74.70703125	70.3254075826453	68.5661379478825
76.171875	70.6140983082485	68.4315339035944
77.63671875	70.8231042815455	68.3857327051148
79.1015625	71.0853982458912	68.223006337997
80.56640625	71.3493362686721	67.9201290252807
82.03125	71.5932669426649	67.7215296880109
83.49609375	71.8516820947624	67.2929239806027
84.9609375	72.1041962672201	66.8017940579617
87.158203125	72.3850971349447	65.924192099596
88.623046875	72.5612876710971	65.6269726777494
90.087890625	72.7864183468678	65.4131019572948
92.28515625	73.138481072841	64.5071477685931
93.75	73.3432578131253	63.5941727563068
95.21484375	73.4927325184251	62.8059621670315
97.412109375	73.7097897863547	61.931284934394
99.609375	73.9527578751662	60.9875196624978
101.07421875	74.1013809661718	60.1989392440525
103.271484375	74.2400228847662	58.8945069127677
104.736328125	74.2885504105413	58.4352176612025
106.93359375	74.4510921939265	58.2486443829131
109.130859375	74.6992696819474	57.5386273918403
111.328125	74.8161425859686	56.338940870086
113.525390625	74.9180762994149	56.3709706586963
114.990234375	75.1059530383474	56.3594120212784
117.1875	75.3763971405437	55.1587769256233
119.384765625	75.4726778201662	54.2283250175721
122.314453125	75.7908165112424	53.6953529834156
124.51171875	75.9941815653644	51.8837395776801
126.708984375	76.0955184564362	50.6587773689291
128.90625	76.2015675064047	49.9601194112108
131.103515625	76.3504852900872	48.7917926217212
134.033203125	76.4463212318474	47.0278744960287
136.23046875	76.4995612598645	46.2279004995507
139.16015625	76.6108107422044	44.9406640127808
141.357421875	76.6511455969476	43.9606112305452
144.287109375	76.6906225766229	43.1004349579639
146.484375	76.7889360941519	42.3609618366011
149.4140625	76.8409244919175	41.2559860701614
152.34375	76.9041163671706	40.1981217835344
155.2734375	76.9848746666885	39.2470232415119
158.203125	76.972308269032	38.1417619147316
161.1328125	77.0315324301921	37.0893041998926
164.0625	77.0316228181759	36.3573484061263
166.9921875	76.9616660858615	35.5007432716176
169.921875	77.0208081273504	34.8891786716816
172.8515625	76.9979455433318	34.555982981001
176.513671875	76.9604390374614	34.0772482650722
179.443359375	77.0125025322834	33.2029558108808
182.373046875	77.0053113317733	33.4585991538303
186.03515625	76.9682394039991	33.0487209078059
189.697265625	76.9958531609172	32.4783855582296
192.626953125	77.116120884671	32.6574835185718
196.2890625	77.1467273353816	32.6458264958582
199.951171875	77.1639430540035	32.2360320037739
203.61328125	77.2425480381115	31.5111621280212
207.275390625	77.3518025389343	31.2705058379074
210.9375	77.4147947172652	31.1272488971386
215.33203125	77.4572108154837	30.9506192349502
218.994140625	77.4627600920919	30.7864407277644
222.65625	77.5351499631321	30.460764983906
227.05078125	77.6597956707172	30.2214193297315
231.4453125	77.8041563124615	29.8910875280658
235.107421875	77.9621696384554	29.5663973443935
239.501953125	78.0983580546907	28.9795403731024
243.896484375	78.2583607396633	28.197892067696
248.291015625	78.3778713089623	27.1071679663948
252.685546875	78.4335293906236	25.7731604469492
257.080078125	78.4457555308604	24.575197214693
262.20703125	78.3752971677433	23.4966539130539
266.6015625	78.3301603719807	23.1256464000828
271.728515625	78.3238122088379	22.9812367760845
276.85546875	78.3436710341644	22.9978795208122
281.25	78.4155059502152	23.1960701609789
286.376953125	78.6406103749375	23.5102078011114
291.50390625	78.9172320556513	22.2874890237559
296.630859375	79.0369501630422	19.983566685881
302.490234375	78.9814811748201	18.2990452945907
307.6171875	78.9120690494224	17.6012617465271
313.4765625	78.8884596915809	17.0738625541257
318.603515625	78.94482621224	16.5301534026534
324.462890625	79.0355538774747	15.7110938871536
330.322265625	79.0802560360388	14.3532284941519
336.181640625	79.0240194588935	13.1470254973886
342.7734375	78.9335835561729	12.1699678320361
348.6328125	78.8662168222349	11.4378126767636
354.4921875	78.7852103266198	11.1106749191253
361.083984375	78.7321538327547	11.3811337893694
367.67578125	78.8165084492585	11.7072110512429
374.267578125	78.9584011625293	11.3593416156399
380.859375	79.1072834474622	10.4634300109901
387.451171875	79.2110913324751	9.12439473582946
394.775390625	79.2646386614814	7.28941840588139
402.099609375	79.1899275037271	5.29091243564175
408.69140625	79.0608711073159	4.10689737646496
416.015625	78.9534521510573	3.09446302740065
423.33984375	78.8394876732204	2.04727301454905
431.396484375	78.6315985328572	0.977820263378805
438.720703125	78.4130613584838	0.655280499956672
446.77734375	78.2075148212256	1.28137170537362
454.833984375	78.1747977833144	2.29834341950676
462.890625	78.2835223659808	2.72075133634991
470.947265625	78.4220680935462	2.26842501149184
479.736328125	78.5187110414751	0.894182371567168
487.79296875	78.5236825227613	-0.51591166339034
496.58203125	78.5128885601358	-2.38741392267998
505.37109375	78.3530479165448	-5.69778463063795
514.16015625	77.6346811749209	-8.22130256864746
523.681640625	76.7681746187405	-5.56306933396826
533.203125	76.7025614680172	-0.350874046300131
542.724609375	77.1532947230026	0.100523619161274
552.24609375	76.8985990942387	-2.72346958049492
561.767578125	76.157721634605	-0.959198117082684
572.021484375	75.8285943194149	4.74889243311322
582.275390625	76.1511508439742	11.2926869204458
592.529296875	76.9468459293627	14.872276510097
602.783203125	77.8574885202875	15.75043101993
613.76953125	78.9843932374657	13.4539272901702
624.755859375	79.5927626312974	4.93181842653721
635.7421875	78.9156375769638	-2.37944347756134
646.728515625	78.0686195618828	-3.4010968502149
658.447265625	77.4986074176029	-0.813031175418597
670.166015625	77.4716887310556	2.0684793877621
681.884765625	77.6048936479857	3.63038192970048
693.603515625	77.8482690825357	4.35829465507064
706.0546875	78.1012684859504	3.24278365412187
718.505859375	77.9975852106039	1.30669626639282
730.95703125	77.6755781040526	1.40447402299221
744.140625	77.4903445234851	3.24516789559474
757.32421875	77.557436612977	5.57680519385733
770.5078125	77.7050942592225	6.68339267141562
784.423828125	77.6610291278893	9.80150906144678
798.33984375	78.4678901551189	15.3526779966629
812.255859375	80.0272304770675	11.5132843398855
826.904296875	79.9385710619134	1.6886729602865
841.552734375	79.2342601731647	1.60345439320078
856.201171875	79.3552604554202	2.62527805774779
871.58203125	79.4336884046534	1.57322325003671
886.962890625	79.4339458080014	1.49968587920097
902.34375	79.4747473144399	1.48448784295096
918.45703125	79.5477626568258	2.79217720294663
934.5703125	80.0491997477086	4.62040082740562
950.68359375	80.8693234922204	3.44266693013096
967.529296875	81.4861900426055	-1.84172551895528
985.107421875	81.5479137711287	-7.94994430187649
1001.953125	81.2570716248641	-12.1754427278284
1019.53125	80.9532906428543	-14.2605590544794
1037.841796875	80.7538559997355	-16.1590320926669
1056.15234375	80.5858921091838	-17.8837134322087
1074.462890625	80.3841403341451	-19.6582590284056
1093.505859375	80.2216113399524	-21.3646295973439
1113.28125	79.8361305586585	-23.8851073248841
1132.32421875	79.2564071452155	-24.1292270623533
1152.83203125	78.825911913175	-21.2117691800697
1172.607421875	79.1150710564215	-17.8211082050729
1193.84765625	79.7300054871151	-19.57969993915
1214.35546875	79.6968408534746	-23.1708150923415
1235.595703125	79.546224854219	-23.9597285986592
1257.568359375	79.7293992635819	-26.8967213125837
1279.541015625	79.3303361760673	-31.2548261807064
1302.24609375	78.7870423929194	-32.1549849453022
1324.951171875	78.4741613609551	-32.8031008226135
1348.388671875	78.0502833890568	-34.6212498942697
1372.55859375	77.3516744967152	-34.9635902096539
1396.728515625	76.7431201701952	-33.2728459215534
1420.8984375	76.208040387774	-31.1770924319027
1445.80078125	75.6791999578141	-26.3579222211616
1471.435546875	75.9322996858751	-20.2674749641434
1497.0703125	76.4025589545472	-19.5739142394647
1523.4375	76.2032929273191	-18.9499463190752
1550.537109375	76.3800732461791	-15.3689734490371
1577.63671875	76.7322005886679	-15.3585344840774
1605.46875	76.5980656940979	-13.8813412127086
1633.30078125	76.8930022802836	-10.6639152106616
1662.59765625	77.3210454410868	-8.96298084884802
1691.89453125	77.9343386799299	-7.46042177105224
1721.19140625	78.5689336589998	-8.57173522752948
1751.220703125	78.9753661184936	-10.8589462427819
1781.982421875	79.2706148429624	-12.7956217572764
1813.4765625	79.6186344514522	-15.0892267116048
1845.703125	79.7662874234647	-18.5422642447156
1877.9296875	79.6824796029507	-20.6043421639439
1910.888671875	79.6017237427814	-22.0154186338096
1944.580078125	79.5243033115331	-22.9675643610983
1978.271484375	79.5794354312144	-23.7220677347436
2013.427734375	79.5457144930578	-23.9768579753445
2048.583984375	79.7055499014879	-23.7484459631091
2084.47265625	79.9098737835964	-24.0151318903198
2121.09375	80.2838880755791	-25.4591587522091
2158.447265625	80.3128297863436	-27.9670284207694
2196.533203125	80.5329962348841	-28.2368554462581
2234.619140625	80.8866644190735	-31.3373283903252
2274.169921875	80.8511092614583	-34.4732755979828
2313.720703125	80.7779270708863	-36.9028871238061
2354.736328125	80.6949966679079	-37.742612162715
2395.751953125	80.9146020898938	-39.5785434248263
2438.232421875	80.9412093164414	-42.6177051732672
2480.712890625	80.8667183432897	-45.3537514486165
2523.92578125	80.6214180815941	-47.1395611201174
2568.603515625	80.5524717624124	-47.7959602200583
2613.28125	80.5831004734856	-48.7476846246926
2659.423828125	80.7767988089111	-49.6807425103035
2706.298828125	81.1006025460501	-52.4008167137711
2753.173828125	81.2426385046757	-58.0507839708668
2801.513671875	80.6112174082826	-63.249156027976
2850.5859375	80.04121244225	-63.1961799355474
2901.123046875	79.8957264449327	-62.9145548628363
2951.66015625	79.9045528397453	-62.1468645732611
3003.662109375	80.4301367930372	-61.7777767011834
3056.396484375	81.2290192815484	-67.1476093908114
3109.86328125	81.1934038489755	-76.4267654677981
3164.0625	80.312099950497	-82.6528549818013
3219.7265625	79.5810826640237	-84.5490431616497
3276.123046875	79.2723449658535	-86.3610048941878
3333.251953125	78.9767779890565	-89.5317288225513
3391.845703125	78.3575219111279	-93.723805586144
3451.171875	77.6160291310107	-96.6568050182021
3511.962890625	76.6384162451159	-98.4997486346738
3573.486328125	75.681077639508	-97.6883146640425
3635.7421875	74.8738598611839	-95.6301652746576
3699.462890625	74.3027481849655	-91.1558523021731
3764.6484375	74.1696769022457	-87.9303361128194
3830.56640625	74.1854336281984	-86.4497950029133
3897.94921875	74.0881138242669	-85.3632027583796
3966.064453125	73.977743244238	-83.0945833494791
4035.64453125	74.1616138282644	-81.5946793981675
4105.95703125	74.5120013829616	-82.4626482129189
4177.734375	74.6367130446064	-84.8985685436537
4250.9765625	74.298545872853	-86.1859011032703
4325.68359375	74.082241282849	-85.7920300903175
4401.123046875	73.9837488756701	-86.2309278119059
4478.759765625	73.8550608045682	-85.7996607984204
4557.12890625	73.9716874122336	-85.1262197709851
4636.962890625	74.1757770114958	-85.6717174939584
4718.26171875	74.2921391701801	-86.8714107001507
4800.29296875	74.3445090540066	-87.5801921420997
4884.521484375	74.7493545642685	-89.2268793291768
4970.21484375	74.9073383685265	-94.8147997144507
5057.373046875	74.4897110902227	-99.0531982297291
5145.99609375	74.0988879900012	-100.803262469207
5236.083984375	73.9461940271812	-102.61217486461
5327.63671875	73.616725978724	-105.384615414892
5420.654296875	73.1577310470938	-106.934182756685
5515.869140625	72.7326950868495	-106.765760080557
5612.548828125	72.8097370045453	-104.927602625929
5710.693359375	73.3255680219023	-107.812743042703
5810.302734375	73.1382008406803	-113.703083345477
5912.109375	72.7332631326139	-117.160922998227
6016.11328125	72.5143449713566	-121.12022850118
6120.849609375	71.951621786208	-126.94927054031
6228.515625	70.8717835978145	-130.46494383626
6336.9140625	69.9428977981098	-130.412859980189
6448.2421875	69.1366256596299	-131.990704749855
6561.03515625	67.6630388288746	-130.287050935712
6676.025390625	67.2704467641141	-122.258030833327
6792.48046875	67.7107640852924	-120.731624687235
6911.865234375	67.46076230011	-121.748282994083
7032.71484375	66.9817703007384	-120.12874310302
7155.76171875	66.9232217021745	-117.317020552264
7281.005859375	66.9644555706518	-114.238565833825
7408.447265625	67.7377995223374	-111.149477594003
7538.0859375	68.6812118828914	-114.472061531725
7669.921875	69.2589883021119	-118.489933630783
7803.955078125	70.076091355339	-126.431655422073
7940.91796875	70.2059015833099	-138.935876216004
8079.345703125	69.5275286727721	-152.739453284915
8220.703125	67.9654855799226	-163.859091730863
8364.990234375	66.1294962452005	-170.805159840104
8511.474609375	64.2465425795337	-174.938100000903
8660.15625	62.5822039339241	-177.415573280419
8811.767578125	60.7176841158098	178.122483627072
8965.576171875	58.0321533083714	173.978495706837
9123.046875	54.5315254558951	175.499898367615
9282.71484375	50.4233717679198	-175.219878786123
9444.580078125	46.1649573742356	-143.864044994358
9610.107421875	47.3759569186363	-100.106156710367
9777.83203125	51.0688704464019	-91.8799325481688
9949.21875	51.5221243476556	-90.2666033716475
10123.53515625	51.2437572869583	-83.2545479966361
10300.78125	51.6669014567771	-70.8142129231973
10480.95703125	52.8600361279886	-57.8232058852811
10664.0625	54.4536308947698	-48.7270881626378
10850.830078125	56.0674073336857	-43.9704293614522
11040.52734375	58.0898996716504	-40.6645259489024
11233.154296875	59.5679813022894	-41.6350226505024
11430.17578125	61.1480364280431	-40.8070147814487
11630.126953125	63.2992361977816	-44.794341440221
11833.740234375	65.0849716360798	-54.4402754523828
12040.283203125	66.0099033996384	-67.2614543370116
12251.220703125	66.0784658683164	-79.8958342464048
12465.087890625	65.3474578618915	-89.2392216014561
12683.349609375	64.8021338420906	-92.1794799170061
12905.2734375	65.0200834356594	-95.2872178209661
13130.859375	65.1414388005783	-103.289897548745
13360.83984375	64.5609728410401	-110.084081769952
13594.482421875	64.0767082402569	-115.258006571629
13831.787109375	62.5691167235236	-123.595446959007
14074.21875	60.6342717325327	-117.369893805824
14320.3125	60.7906714081655	-105.420523147271
14570.80078125	62.0240392770464	-98.2726803511992
14825.68359375	64.2601356005004	-103.925097719919
15084.9609375	64.8847224034042	-119.597115404589
15348.6328125	64.7475047522778	-128.197679755425
15617.431640625	65.1221584387552	-138.987808081853
15889.892578125	64.8280975214813	-154.373436353577
16168.212890625	63.1328032136632	-170.054222982769
16450.927734375	61.0704436158989	-178.291416640423
16738.76953125	59.1919756815379	174.560450523709
17031.73828125	56.4223513455929	169.337358835591
17329.1015625	53.5538439798357	171.73480906502
17632.32421875	51.4532671472352	-179.097461506381
17940.673828125	49.9910670158668	-170.51594240706
18254.150390625	49.3561845973094	-162.789398101629
18573.486328125	48.3600822583036	-158.569878815582
18898.681640625	47.83076830883	-148.443981315925
19229.00390625	47.8370322503359	-146.262663165991
19565.185546875	47.168486332839	-139.208161250711
19907.2265625	47.7877394888514	-137.003912763687
20255.859375	47.0356235409934	-139.654961271745
20609.619140625	46.1677580316741	-136.578744784564
20969.970703125	45.0162821384232	-134.549564780805
21336.9140625	43.5222510861611	-123.785758768142
21709.716796875	43.687204780329	-109.241319256958
22089.84375	44.7136195790787	-101.509222565282
22475.830078125	45.6995643537668	-98.9783786687906
22869.140625	46.3531333306673	-96.7014747202507
23269.04296875	47.2426578122019	-95.4178298123683
23675.537109375	48.2120928592557	-97.4459081856818
24089.35546875	49.1573375039764	-103.315332749824
24511.23046875	49.3251056139599	-112.647530779129
24939.697265625	48.8171996529982	-121.314890578288
25375.48828125	47.8228620525271	-126.506750459433
25819.3359375	47.1959480159902	-128.003701728796
26270.5078125	46.5070453161896	-133.983805215642
26730.46875	45.510250997533	-138.777428848702
27197.75390625	44.1413799498645	-146.028759322846
27673.095703125	42.5201745344703	-149.210218079922
28157.2265625	39.862996036459	174.616999389353
28649.4140625	35.1250578616738	139.181200036638
29150.390625	33.5227971353841	-139.182552191981
29660.15625	32.138020613555	2.56459136639044
30178.7109375	35.8355176059497	-76.2936829580886
30706.0546875	36.8554904206367	-89.896325251044
31242.919921875	35.6520613602518	-89.1102624843234
31789.306640625	36.4289107445384	61.1339818523352
32345.21484375	36.168969895327	-78.2990546062118
32910.64453125	35.3044737157463	107.149746249497
33486.328125	34.593855008283	-69.0945081394816
34071.533203125	32.5212049828224	-59.2515873065582
34666.9921875	32.6640589221343	-26.094376514489
35273.4375	37.9732307593195	-16.1464485489737
35890.13671875	40.2094505056466	-31.2144125976617
36517.822265625	40.0594252829149	-43.4760973538734
37156.494140625	39.0094765277152	-38.9982415782714
37806.15234375	41.4085259248134	-36.7160046307472
38466.796875	43.0276122599812	-50.1494736732572
39139.16015625	43.9395357582306	-77.6349928629813
39823.974609375	38.3360124018953	37.5037447789267
40519.775390625	32.1400870149978	-88.3148241679535
41228.02734375	31.7935989305344	-62.6201337629849
41949.462890625	31.7935989305343	-50.5314958210292
42682.6171875	31.7935989305343	-41.6104731432752
43428.955078125	31.7935989305342	-34.1841102298415];

Data_Format = 'LeveldB_Phase';
Data_Domain = 'Frequency';
Data_AbscUnit = 'Hz';
Data_BaseUnit = 'V';
Data_xScale = 1;
Data_vScale = 1;
