CurveFormat = 6;
TDelayRemovedTRF = 0.00195833333333333;
SourceDesc = 'Fundamental + Minimal phase';
%[Hz]    dB-[V]    [deg]
Curve = [
46.875	63.4093821107434	55.2786024981901
48.33984375	63.4093821107434	59.8318480079945
49.072265625	63.4093821107434	62.2752175369892
49.8046875	63.4093821107434	66.6347714953067
51.26953125	64.2539541920456	76.0558519528625
52.001953125	65.0557199290015	78.7739409114488
53.466796875	66.4932584691813	80.5277517072326
54.19921875	67.1826106945652	80.4680265588136
55.6640625	68.3539735619235	77.9313099101097
56.396484375	68.8362389340768	75.8927567297259
57.861328125	69.6380121629834	70.850552177229
58.59375	69.8288678523945	67.7557949899796
60.05859375	69.7750094240363	61.9171830523007
61.5234375	69.3312558295082	58.4968861687894
62.255859375	69.0668814244009	58.008269143889
63.720703125	68.6420595733609	59.5733495241306
65.185546875	68.5226877059323	62.2460157961998
65.91796875	68.5635996821014	63.8295536993425
67.3828125	68.8191285226816	66.4904566471522
68.84765625	69.180800743046	68.1521619814663
70.3125	69.586233553146	68.9711386030309
71.77734375	69.9173812145289	69.2321597063631
73.2421875	70.2683060869557	69.5404652394217
74.70703125	70.5721837327074	68.9975652844729
76.171875	70.8345971517829	68.8985541031475
77.63671875	71.0129819332968	68.9169891273201
79.1015625	71.2801595950035	68.9575873926516
80.56640625	71.5332901050858	68.8602874205637
82.03125	71.7869223107765	68.6083682985209
83.49609375	72.0342391022305	68.2969636777701
84.9609375	72.2655887482194	67.8456677167598
87.158203125	72.5485107826916	67.1772457191415
88.623046875	72.7277461966448	66.9326577013808
90.087890625	72.9464530618661	66.824321368034
92.28515625	73.2971947122614	66.0746112894049
93.75	73.5010191505432	65.2404824641314
95.21484375	73.666271992488	64.5174701035764
97.412109375	73.8767160041195	63.5896938758056
99.609375	74.1179074952896	62.7903725238378
101.07421875	74.2795533118599	62.0569032241369
103.271484375	74.416639267057	60.6821977928567
104.736328125	74.4609909404988	60.1634771156457
106.93359375	74.5942404139182	59.932352765581
109.130859375	74.8183226994619	59.4020735160385
111.328125	74.9357096402079	58.3427045855615
113.525390625	75.0340466737173	58.360152939482
114.990234375	75.2067901573478	58.3456053095499
117.1875	75.4442425331944	57.1776172943793
119.384765625	75.5287002832916	56.4105434884506
122.314453125	75.8164748087693	56.0025985034651
124.51171875	76.001996569181	54.4063088952149
126.708984375	76.0953867147022	53.437235353087
128.90625	76.1847693624127	52.832732332211
131.103515625	76.3249534447732	51.8355764474301
134.033203125	76.4091025283019	50.4356505622788
136.23046875	76.4633567836473	49.8263426055215
139.16015625	76.5751583187923	48.7789591551403
141.357421875	76.6133685987753	48.0062180928232
144.287109375	76.665637804949	47.46209675776
146.484375	76.7781171143161	46.8675224859243
149.4140625	76.8342842692162	45.9357679897633
152.34375	76.9053692103412	45.1210568200589
155.2734375	77.0089234572539	44.3109612014267
158.203125	77.0046990650793	43.3439537904126
161.1328125	77.0693988617447	42.5069396064109
164.0625	77.092483562068	41.9253823467512
166.9921875	77.0333720959469	41.2079501393333
169.921875	77.1035182523295	40.7423673279778
172.8515625	77.0973308033108	40.4936190964736
176.513671875	77.0725237901477	40.2769146372473
179.443359375	77.1452284877989	39.5107788362574
182.373046875	77.1576972570518	39.7978538855347
186.03515625	77.1427937968572	39.4929703400882
189.697265625	77.1858128668003	38.9242401179045
192.626953125	77.3100116484391	39.0981717604457
196.2890625	77.3402788023184	39.1360810807631
199.951171875	77.3564014544299	38.7801451039948
203.61328125	77.413432794184	38.064312014071
207.275390625	77.5032432166335	37.9948947254473
210.9375	77.5610899138042	38.0596953868352
215.33203125	77.6007366884141	38.1969651254628
218.994140625	77.6093614383666	38.2638964837899
222.65625	77.6831668633236	38.2555365482327
227.05078125	77.8467428035817	38.3842561002238
231.4453125	78.0242181828148	38.1926218650412
235.107421875	78.2040665349067	37.9687385550982
239.501953125	78.3690195641388	37.4914796851306
243.896484375	78.5479168527575	36.7610933610684
248.291015625	78.7009702881664	35.8017431932812
252.685546875	78.8059699193775	34.3589737868976
257.080078125	78.8408646291591	32.8609893091598
262.20703125	78.7514809088656	31.1112103903589
266.6015625	78.5625807219296	30.2600608734291
271.728515625	78.358373508364	30.8131879574995
276.85546875	78.3443419859773	31.9956409751757
281.25	78.4348404233298	32.5686250945506
286.376953125	78.5854367453433	33.142722500377
291.50390625	78.7483593736722	33.1474783556142
296.630859375	78.9176317639891	32.6191026009646
302.490234375	79.0566429056388	32.0166911217509
307.6171875	79.1327949469893	31.57228380259
313.4765625	79.203076118808	31.0822156307204
318.603515625	79.3091200035095	30.6676552999125
324.462890625	79.4490264175526	30.0802883661783
330.322265625	79.5505807181991	29.0719084860477
336.181640625	79.5414815914305	28.1130923647466
342.7734375	79.5072793607293	27.6025961744333
348.6328125	79.5291797323865	27.1617852387726
354.4921875	79.5137517314108	26.9046454417574
361.083984375	79.512063015139	27.4070612621464
367.67578125	79.6621704485606	27.9675920657224
374.267578125	79.8496261082416	27.7532808321088
380.859375	80.0226843457018	27.1972596179572
387.451171875	80.1592651315353	26.44798963934
394.775390625	80.3104047758771	25.4444842662698
402.099609375	80.3998340134355	24.0043787164217
408.69140625	80.4191703801428	22.9776180730467
416.015625	80.4550326734179	21.9686783100581
423.33984375	80.4639911312797	20.8913220466402
431.396484375	80.407648343488	19.8226757771696
438.720703125	80.3265125545575	19.3657770623873
446.77734375	80.2785380413639	19.4563059147705
454.833984375	80.335159625699	19.6759243043278
462.890625	80.4660923446364	19.4972628116222
470.947265625	80.6025002500058	18.7262873634498
479.736328125	80.6766190608938	17.2100813645719
487.79296875	80.6096597149102	15.9675262657382
496.58203125	80.4319777310089	15.6794523631677
505.37109375	80.464299950417	17.1779808487449
514.16015625	80.9574984112801	16.6966146634278
523.681640625	81.030706323591	11.8803859337949
533.203125	80.4532445514944	9.99983390635272
542.724609375	80.1136309344417	11.3232766579874
552.24609375	80.0656441362189	12.8705251986762
561.767578125	80.0337479375959	13.4256406956066
572.021484375	79.9495169268024	15.4142164498673
582.275390625	80.269538201032	18.1412625568962
592.529296875	80.8247557667784	18.7022764189577
602.783203125	81.3525373758181	17.134093242793
613.76953125	81.7245865679327	13.9647369494144
624.755859375	81.8125640321077	10.108901928112
635.7421875	81.5957846092129	7.02289433875622
646.728515625	81.3509721904614	5.96894783446511
658.447265625	81.2805476440607	5.37072577277759
670.166015625	81.2286602515106	3.52253930001811
681.884765625	80.9005220049807	1.98335515871547
693.603515625	80.5628125889596	2.5465973311856
706.0546875	80.5098238480103	4.62029937535579
718.505859375	80.8100928457811	4.92597804647412
730.95703125	80.9319677343954	2.92254409937125
744.140625	80.8201587599274	1.45336743451514
757.32421875	80.7299928600318	0.572284333662621
770.5078125	80.5942306012239	-0.894113923420197
784.423828125	80.142196647043	-0.94890173306267
798.33984375	80.1110180609744	2.32586984417838
812.255859375	80.7519502321478	1.57663910028982
826.904296875	80.6678706154745	-4.27797295668699
841.552734375	79.8687040174168	-5.79009112302387
856.201171875	79.3277906498664	-4.20848456764949
871.58203125	78.9727647088606	-0.941893409206784
886.962890625	79.1356852821752	2.52862529387491
902.34375	79.3890189308777	2.44654443522236
918.45703125	79.152438180287	1.67706658021031
934.5703125	78.7082741136961	5.01193623252757
950.68359375	78.9215706432238	10.8833245237586
967.529296875	79.8242552396443	14.1174830455661
985.107421875	80.7503346739811	12.697362257976
1001.953125	81.2117150472437	9.77317136671248
1019.53125	81.6399653804079	6.81923511545628
1037.841796875	81.839203479432	1.36660112417391
1056.15234375	81.4817013051695	-2.97058480761987
1074.462890625	80.879413145342	-4.6415681211396
1093.505859375	80.51249386527	-2.66372879130222
1113.28125	80.6750461523543	-1.88312242540624
1132.32421875	80.680356124891	-3.60312594463259
1152.83203125	80.3008616210771	-3.61618993416146
1172.607421875	80.3085096551186	-0.759724539762932
1193.84765625	80.8600065846315	-0.945744958258181
1214.35546875	80.919936768312	-4.00422993171135
1235.595703125	80.7153873922988	-4.34756698832587
1257.568359375	80.9155809027334	-5.0066423447408
1279.541015625	80.9116295703816	-7.95347157827991
1302.24609375	80.532471022801	-10.0272339209843
1324.951171875	80.1111329151288	-9.36123926855615
1348.388671875	80.0411275159672	-8.17587084667247
1372.55859375	79.96065401994	-8.2898476502256
1396.728515625	79.7972939121303	-7.36146117402882
1420.8984375	79.8614909033075	-6.13892868143344
1445.80078125	79.9559891670255	-6.18391865260365
1471.435546875	80.0391323581134	-5.83901940566145
1497.0703125	80.1994398649898	-6.69936508609164
1523.4375	80.0777331023265	-8.58294771324007
1550.537109375	79.839500464127	-8.2136236044801
1577.63671875	79.8855858237953	-8.0569266805969
1605.46875	79.6498344722175	-8.52498160716361
1633.30078125	79.5180555994583	-6.3516225163582
1662.59765625	79.7651318645127	-4.92921875046562
1691.89453125	79.9290345901231	-5.30833794310654
1721.19140625	79.9851811989068	-5.40716582453399
1751.220703125	80.0944797244546	-6.24223836089345
1781.982421875	79.9274246686372	-6.61744170586628
1813.4765625	80.0295584813281	-4.66143624552804
1845.703125	80.3024263868945	-5.30067975416762
1877.9296875	80.3182704565123	-4.88686222506611
1910.888671875	80.6337291843684	-4.85751956280939
1944.580078125	80.7673831954938	-6.34582948475908
1978.271484375	80.9911677173612	-6.98165200799899
2013.427734375	81.1141335251238	-8.92933963775634
2048.583984375	81.1931318249825	-9.86723198179871
2084.47265625	81.2667220800243	-11.5656535660504
2121.09375	81.4333349923338	-13.2624613542292
2158.447265625	81.2458352198345	-17.5687402493282
2196.533203125	80.8063608979952	-16.6408539660995
2234.619140625	81.0899690228304	-17.4160574401459
2274.169921875	80.9194927031046	-19.6384987052354
2313.720703125	80.89566828536	-21.1594678930754
2354.736328125	80.6510120313433	-23.1816255926034
2395.751953125	80.427071177242	-26.2815131369774
2438.232421875	79.6205836029774	-27.4456834637679
2480.712890625	79.1630774957946	-25.5890615496176
2523.92578125	78.5791235441265	-24.0521779448021
2568.603515625	78.2595092288908	-19.5080674115365
2613.28125	78.3024938400914	-15.7035972861797
2659.423828125	78.6298727345205	-11.4111190389035
2706.298828125	79.2164628302797	-10.5446752239762
2753.173828125	79.4081597862456	-10.9023800555205
2801.513671875	79.6318582841553	-9.21761369787008
2850.5859375	80.1848963721581	-8.0504719755043
2901.123046875	80.7871447664925	-9.01504146414285
2951.66015625	81.3583936217831	-10.6903229087827
3003.662109375	81.935559736225	-13.3690779085067
3056.396484375	82.5063550008727	-19.0224721414463
3109.86328125	82.5468826725449	-26.5688828858251
3164.0625	81.90907024608	-32.431211289206
3219.7265625	81.2441889644639	-34.585474044311
3276.123046875	80.945166884748	-36.0931632380933
3333.251953125	80.5528174946946	-37.955024395266
3391.845703125	80.0564281570387	-40.8299938583318
3451.171875	79.3098470559019	-42.1710282363468
3511.962890625	78.3479595992416	-40.1363085176409
3573.486328125	77.7238271680249	-36.2615086245081
3635.7421875	77.651357557886	-31.0791289381786
3699.462890625	78.0126236313845	-26.7164932150941
3764.6484375	78.3915665704345	-26.3580493618324
3830.56640625	78.7467051441531	-27.5737422385665
3897.94921875	78.8543754867994	-28.7847351736283
3966.064453125	78.7448642478368	-28.9929655535305
4035.64453125	78.700517566231	-29.6985537167325
4105.95703125	78.8136153996315	-30.629114692276
4177.734375	78.8286432913815	-32.4237601631027
4250.9765625	78.3157008939866	-34.111002200457
4325.68359375	77.7239925723568	-33.0971696331964
4401.123046875	77.5421038784091	-31.3285680199222
4478.759765625	77.4695457205514	-30.2091919218985
4557.12890625	77.3311265112104	-28.0998905948584
4636.962890625	77.3677402865886	-24.7186867683846
4718.26171875	77.6187783702755	-21.7752420396354
4800.29296875	77.9822263654905	-19.4730714912955
4884.521484375	78.6277094027164	-18.2692616185771
4970.21484375	79.3164273174133	-20.7635982891386
5057.373046875	79.4997205290897	-25.0023390432847
5145.99609375	79.3381430550503	-27.8206479364184
5236.083984375	79.0866184006298	-29.3743484328057
5327.63671875	78.6475342299727	-29.1944584001451
5420.654296875	78.4381760841075	-25.9851587091951
5515.869140625	78.6829219281307	-22.4223605328924
5612.548828125	79.2816349721281	-19.8849645512691
5710.693359375	80.0869803310213	-19.844836016237
5810.302734375	80.7794920986495	-22.0628222669956
5912.109375	81.3715690322716	-25.512753312317
6016.11328125	81.7836230993627	-30.2308792632557
6120.849609375	81.8871899326933	-35.4913229762797
6228.515625	81.7334694422386	-39.6077105330534
6336.9140625	81.5735840577258	-42.2975231581948
6448.2421875	81.4682667785079	-45.2388549466469
6561.03515625	81.2281186117908	-47.1978290357307
6676.025390625	81.3331724465369	-48.252757192134
6792.48046875	81.4723866892537	-52.5194497874741
6911.865234375	81.1073676213555	-57.2030529438495
7032.71484375	80.564956882122	-59.7929683791182
7155.76171875	80.0271648980294	-60.9909172693526
7281.005859375	79.4640121514836	-60.3670122692449
7408.447265625	79.3684252509167	-57.492620406706
7538.0859375	79.6378203393733	-56.9512487045042
7669.921875	79.9070866880602	-57.2306611555745
7803.955078125	80.4406197077374	-59.700133112967
7940.91796875	80.6682950740613	-65.7062180681239
8079.345703125	80.3120374813832	-72.4441428202024
8220.703125	79.386020917157	-75.5422230673444
8364.990234375	78.8357349135843	-73.3669687959806
8511.474609375	79.2159331682448	-73.1273220110763
8660.15625	79.416096047667	-79.5078572762151
8811.767578125	78.6904304932408	-86.5116574196245
8965.576171875	77.4833643647505	-89.379129165855
9123.046875	76.3643637777321	-88.5447664565231
9282.71484375	75.458168304664	-85.8132641943966
9444.580078125	74.8092751757884	-80.3010090939123
9610.107421875	74.9585904308363	-74.1317082269668
9777.83203125	75.5244271406957	-71.9083938177636
9949.21875	76.0574765771483	-73.2880999262947
10123.53515625	76.1695367805953	-77.6495460312811
10300.78125	75.6376499013953	-80.6399282441835
10480.95703125	75.1876306397544	-80.2942526540263
10664.0625	74.9390049544575	-79.9166928291167
10850.830078125	74.7286035118966	-80.0600133007733
11040.52734375	74.2512372900639	-80.3872178554112
11233.154296875	73.6354822934512	-76.9002167778626
11430.17578125	73.6569384527957	-70.80283729066
11630.126953125	74.5086762145295	-67.007742462625
11833.740234375	75.4251360395607	-69.3109501873506
12040.283203125	75.6220806540674	-73.9154947353723
12251.220703125	75.4183494097797	-76.9736618832857
12465.087890625	75.0816670851113	-76.5377465284511
12683.349609375	75.3674787635352	-74.2779246634231
12905.2734375	76.0284050418718	-76.6296054475354
13130.859375	76.0203890843892	-81.4813101669012
13360.83984375	75.6586156145156	-82.366682366263
13594.482421875	75.935244293654	-80.5438148199085
13831.787109375	76.6875991283132	-81.0425511679771
14074.21875	77.44558317346	-85.591237084779
14320.3125	77.9620960165129	-92.0627960409088
14570.80078125	78.2699984847506	-99.6224454453401
14825.68359375	78.2278009103929	-108.294197335462
15084.9609375	77.8496081189279	-117.754776831566
15348.6328125	77.0348414475776	-125.476446331951
15617.431640625	76.4269709218838	-130.346022423316
15889.892578125	75.9542150084559	-138.136530536714
16168.212890625	74.6963112702201	-145.844707500386
16450.927734375	73.4606690817817	-149.115496315027
16738.76953125	72.5761846431747	-153.362931123049
17031.73828125	71.2042896249517	-158.589611703201
17329.1015625	69.6216656547623	-160.948940775102
17632.32421875	68.107345092841	-162.409851885791
17940.673828125	66.1340451327155	-163.034902938399
18254.150390625	63.9466293062102	-156.526024824155
18573.486328125	62.9063577249065	-144.112006412976
18898.681640625	62.9400678698292	-135.844531097517
19229.00390625	62.9333995942795	-131.330865795224
19565.185546875	63.0915775703756	-128.046080613297
19907.2265625	63.1394207769041	-127.552300250322
20255.859375	62.957619595126	-127.007827475873
20609.619140625	62.8964812817084	-126.946859079329
20969.970703125	62.6341291865081	-128.862109775385
21336.9140625	62.0879996025368	-130.157254332922
21709.716796875	61.4270592310368	-130.903465512684
22089.84375	60.4814700809696	-129.557878294692
22475.830078125	59.9646832290985	-124.85614257826
22869.140625	59.9067874217617	-121.817001580291
23269.04296875	59.9934822941438	-120.235390575725
23675.537109375	60.2777717164209	-121.967695586256
24089.35546875	60.0536368044935	-127.365316314303
24511.23046875	59.2585109715754	-132.452425787747
24939.697265625	57.8432241175573	-136.711223204078
25375.48828125	55.9296070223749	-134.91658893694
25819.3359375	54.5188061772367	-126.765738015512
26270.5078125	54.1774383337558	-117.640918196453
26730.46875	54.5351512534692	-113.58737909745
27197.75390625	54.570817822015	-115.238323497417
27673.095703125	53.7968217317558	-117.403342469492
28157.2265625	53.0168539672938	-116.982274899809
28649.4140625	52.2658281456086	-118.07646192153
29150.390625	50.6126503506504	-124.436069751589
29660.15625	46.131321274374	-124.880751246679
30178.7109375	42.9735921324165	-88.4911325751162
30706.0546875	43.82663996762	-55.8688643064439
31242.919921875	46.1105943099582	-32.9924850682474
31789.306640625	49.8523754030503	-25.7208769253339
32345.21484375	52.4177536191556	-22.7278741277692
32910.64453125	55.243295113286	-29.629772909856
33486.328125	57.149198889405	-42.17999940263
34071.533203125	57.8832780713948	-61.255785408824
34666.9921875	56.6964960484008	-75.8686822195144
35273.4375	55.4708909460904	-87.6456206411931
35890.13671875	52.3269402098552	-95.0664073158669
36517.822265625	49.855842370278	-81.6985723290408
37156.494140625	50.1059978496664	-77.1191301842774
37806.15234375	48.1204513065635	-80.5137962319419
38466.796875	46.6365889143098	-65.307621480479
39139.16015625	47.1211112235037	-54.5323722111375
39823.974609375	47.1402301225157	-52.4497796440064
40519.775390625	46.335574446069	-47.4604326921179
41228.02734375	46.301872532242	-39.95044207192
41949.462890625	46.3018725322417	-34.4386399656993
42682.6171875	46.3018725322419	-29.4914582683749
43428.955078125	46.3018725322417	-24.8624164298216];

Data_Format = 'LeveldB_Phase';
Data_Domain = 'Frequency';
Data_AbscUnit = 'Hz';
Data_BaseUnit = 'V';
Data_xScale = 1;
Data_vScale = 1;
