CurveFormat = 6;
TDelayRemovedTRF = 0.00195833333333333;
SourceDesc = 'Fundamental + Minimal phase';
%[Hz]    dB-[V]    [deg]
Curve = [
46.875	63.4278627415475	54.961540019549
48.33984375	63.4278627415474	59.4693292063517
49.072265625	63.4278627415474	61.9326567795961
49.8046875	63.4278627415474	66.2098546341079
51.26953125	64.277141217813	75.4654077982297
52.001953125	65.0574124334564	78.2570212138821
53.466796875	66.4709625830096	79.7467448166545
54.19921875	67.1450945650953	79.6140435837352
55.6640625	68.2859605361173	77.6453665708267
56.396484375	68.7764981544106	75.4667032227049
57.861328125	69.5544269513041	70.3454584096436
58.59375	69.7298444035117	67.4339263186663
60.05859375	69.6740909509066	61.7848792938694
61.5234375	69.2563855669099	58.6936215008786
62.255859375	68.9831890899041	58.1726397618638
63.720703125	68.6043943568306	59.6717578318738
65.185546875	68.5027901588001	62.279975393105
65.91796875	68.5236952549377	63.9579549220791
67.3828125	68.7879878973356	66.605629187821
68.84765625	69.1603513948266	68.0926868443533
70.3125	69.5250374984773	69.1031534960912
71.77734375	69.9030964102242	69.5361403671331
73.2421875	70.2593040009481	69.8012828532655
74.70703125	70.5874262335172	69.0928416685317
76.171875	70.8254392545442	68.9562009705088
77.63671875	71.0109071396009	69.0247676459596
79.1015625	71.2716806249044	68.9935156606467
80.56640625	71.5156117921774	68.9578763356597
82.03125	71.7798777234707	68.8254977759294
83.49609375	72.0376869461376	68.5242961181688
84.9609375	72.277308053421	68.0215387692534
87.158203125	72.5709149211958	67.3804359835276
88.623046875	72.7555533622654	67.0656453523225
90.087890625	72.9734903129523	66.8953789829096
92.28515625	73.321286384898	66.1464282072363
93.75	73.5222331091139	65.372800118229
95.21484375	73.6963849100416	64.5661981756508
97.412109375	73.9089036071742	63.6162438728441
99.609375	74.0982774752226	62.7264399687537
101.07421875	74.2583352897752	62.155541405891
103.271484375	74.4479325640586	61.0476898380392
104.736328125	74.5044797303166	60.4480982054832
106.93359375	74.6384049702693	60.257981803449
109.130859375	74.8821267956687	59.6775698433947
111.328125	75.0003309416471	58.5025867675579
113.525390625	75.1035755199182	58.5690405015147
114.990234375	75.2743532524903	58.5682435736169
117.1875	75.5384687053327	57.3947987795791
119.384765625	75.6264338154879	56.4944978834352
122.314453125	75.9126325533106	56.1327404485278
124.51171875	76.1144820725449	54.5700349918122
126.708984375	76.2174357252344	53.4264554954919
128.90625	76.313779743186	52.7980804770182
131.103515625	76.4569268153064	51.7786472740752
134.033203125	76.5514338299561	50.2122704234215
136.23046875	76.6019746761366	49.5571990176589
139.16015625	76.7115113238798	48.5110455560597
141.357421875	76.7570064364401	47.6560810950188
144.287109375	76.8169969086725	46.9846154102589
146.484375	76.9199710647984	46.3503903363049
149.4140625	76.9709865166018	45.3737818155374
152.34375	77.0495801433967	44.5231678101507
155.2734375	77.1499519587992	43.6902727172754
158.203125	77.1428010146848	42.6884216390719
161.1328125	77.2130030652754	41.7333616674456
164.0625	77.2299074467322	41.1046736077707
166.9921875	77.1658148109223	40.3606550331018
169.921875	77.2342893378881	39.8753214247998
172.8515625	77.2280421894181	39.5870375652323
176.513671875	77.2022919826699	39.2879489980646
179.443359375	77.2712309912281	38.4903174240914
182.373046875	77.280338071483	38.7621792981546
186.03515625	77.2643275137162	38.3823263302319
189.697265625	77.303920984414	37.8314981260229
192.626953125	77.4270173065123	38.006876617214
196.2890625	77.4588281494782	37.9575646882938
199.951171875	77.4738295771834	37.5750080001274
203.61328125	77.5366031963005	36.8424099337695
207.275390625	77.6293985018698	36.7239853642161
210.9375	77.6850134153645	36.721954075569
215.33203125	77.7194598846618	36.770163920455
218.994140625	77.7269190356754	36.8283983443595
222.65625	77.8123284966695	36.7393073912008
227.05078125	77.9658912073607	36.6751453827498
231.4453125	78.1230903956617	36.4131698285147
235.107421875	78.2931992064561	36.1983548359709
239.501953125	78.4510137651877	35.7141038561517
243.896484375	78.6207946094256	34.9832839595188
248.291015625	78.7630976300581	34.0189971377961
252.685546875	78.8657644182129	32.5670900489538
257.080078125	78.8856801544717	30.9710861070662
262.20703125	78.7372460757094	29.3989679313824
266.6015625	78.5619123590365	29.2104000394436
271.728515625	78.4933787891983	29.9729303717228
276.85546875	78.5549200277101	30.5172327714428
281.25	78.6404192517441	30.7045492152188
286.376953125	78.7950623441282	31.0180884081481
291.50390625	78.9611253438357	30.5913313068927
296.630859375	79.0901520727566	29.6016627139141
302.490234375	79.1595860740351	28.7935162054337
307.6171875	79.1891822039077	28.3986334424068
313.4765625	79.2338311962314	27.9180228835435
318.603515625	79.2996276946633	27.5277755556579
324.462890625	79.4200663129134	27.2429001757363
330.322265625	79.5576212526557	26.2895781297956
336.181640625	79.5613912625935	25.1056436487075
342.7734375	79.5002488824686	24.2791343713977
348.6328125	79.4694060764862	23.8166796868613
354.4921875	79.4263541052271	23.7328788164
361.083984375	79.4133121082321	24.3725624636991
367.67578125	79.5719142748243	25.1137927819432
374.267578125	79.7956236648181	24.9056031435105
380.859375	79.9971933806118	24.0979063851641
387.451171875	80.1273342723051	23.0061253079825
394.775390625	80.2364217960967	21.6939848666807
402.099609375	80.2722846477628	20.203732171795
408.69140625	80.2614529995768	19.2240977091854
416.015625	80.2701287449119	18.2600568911721
423.33984375	80.2614534929748	17.2293714496436
431.396484375	80.1847018504535	16.1682293722703
438.720703125	80.0808507299753	15.7287102848984
446.77734375	80.0119196341036	15.9554614950619
454.833984375	80.070269101837	16.3149213126703
462.890625	80.2138448901297	16.1372202339461
470.947265625	80.3529484788472	15.2551606492012
479.736328125	80.4212361655863	13.6727238185668
487.79296875	80.3638498477877	12.3474022053574
496.58203125	80.2144717895874	11.6678449216594
505.37109375	80.1875651967569	12.3084953002742
514.16015625	80.5064954098736	11.8198725008091
523.681640625	80.542996732064	7.63117002282501
533.203125	79.9499885193181	5.72174233814948
542.724609375	79.5771608535475	6.8923341337812
552.24609375	79.4186647188934	8.24188794929727
561.767578125	79.268175394309	9.23799951219747
572.021484375	79.0795357495487	11.9089565810775
582.275390625	79.3697877256546	15.9212057107037
592.529296875	80.0169304363283	17.3037948452487
602.783203125	80.6606733024929	16.1036555539071
613.76953125	81.1982880031256	12.656320068535
624.755859375	81.3043989643913	7.33141828998807
635.7421875	80.8625401573112	3.5468894154849
646.728515625	80.4150390817566	3.00626983433222
658.447265625	80.2201739730716	3.80611964326978
670.166015625	80.2037849194661	3.2608654503973
681.884765625	79.9341374579575	2.75796409666598
693.603515625	79.7641743242992	4.20918813950513
706.0546875	79.9477772032422	5.79038096786889
718.505859375	80.2624134496164	4.7098802847057
730.95703125	80.2245847434633	2.15936511244635
744.140625	79.9623222976157	1.0226220331469
757.32421875	79.7534719690064	0.910584008153792
770.5078125	79.5266679565617	0.542123033647365
784.423828125	78.9933120238899	2.32213153160159
798.33984375	79.0931687040861	8.55787061288332
812.255859375	80.3192299746596	9.06700923652405
826.904296875	80.5606796760797	0.813170660909614
841.552734375	79.6830238123459	-1.54977735705723
856.201171875	79.1841169483292	0.132238369723503
871.58203125	78.9160412625054	3.32332686841396
886.962890625	79.1414547542364	6.27530274173268
902.34375	79.3108946998228	6.14202271183995
918.45703125	79.0818906269317	7.14635918804088
934.5703125	79.0761495111874	11.9238819300712
950.68359375	79.800454652341	16.3692641441624
967.529296875	80.9306550586075	16.163916063924
985.107421875	81.716380382515	11.7923566155975
1001.953125	81.9867697801175	7.48797080482925
1019.53125	82.2027376693183	3.69143823506478
1037.841796875	82.2276459547764	-1.97593752154396
1056.15234375	81.6833885120107	-6.47542990734237
1074.462890625	80.9278214887524	-7.17994418300162
1093.505859375	80.613807217648	-4.53471861662662
1113.28125	80.7689047509762	-3.84261114123271
1132.32421875	80.7131097449134	-5.18766234359321
1152.83203125	80.3880660171784	-4.242692509331
1172.607421875	80.5750670617219	-1.34152714108811
1193.84765625	81.1971999366785	-2.46988711091423
1214.35546875	81.2228052536572	-5.88280029589999
1235.595703125	81.0605668698008	-6.25804252733464
1257.568359375	81.2946295457131	-7.65640382135563
1279.541015625	81.2126003267307	-11.0264644193829
1302.24609375	80.8303652001017	-12.7772925269883
1324.951171875	80.501443892442	-12.43656113879
1348.388671875	80.4269832264985	-12.1593218213342
1372.55859375	80.2839060141779	-12.6399834252594
1396.728515625	80.1139646350825	-11.9671368312828
1420.8984375	80.1630532981278	-11.3782463280984
1445.80078125	80.1571594367005	-11.9004712876031
1471.435546875	80.182619815789	-11.5632720348576
1497.0703125	80.3083932279778	-12.8837577271041
1523.4375	80.0602908609547	-15.0286455327607
1550.537109375	79.7431788177743	-14.4166951985836
1577.63671875	79.7420332916709	-14.2326612339687
1605.46875	79.4408167833659	-14.6509434528593
1633.30078125	79.266197682372	-12.4611369448341
1662.59765625	79.4104230739398	-11.1089903136702
1691.89453125	79.4510154018819	-11.0159513707082
1721.19140625	79.4353630978036	-10.3766210912525
1751.220703125	79.5250394607403	-10.2845377610529
1781.982421875	79.418114115166	-9.75689674650832
1813.4765625	79.6226032000447	-7.5890401503916
1845.703125	79.9541366228206	-8.11490963571514
1877.9296875	80.0795486985839	-7.88144231958299
1910.888671875	80.3776074719688	-8.56079446888993
1944.580078125	80.4438392003454	-10.2267515784169
1978.271484375	80.5908420913333	-11.0848098102295
2013.427734375	80.5081361527092	-12.4553220114185
2048.583984375	80.5054112915522	-11.9426680146755
2084.47265625	80.6188994182841	-11.974820374329
2121.09375	80.9247769422592	-12.2411208194517
2158.447265625	80.9287535835795	-14.7795078797989
2196.533203125	80.9635808340044	-13.4697282535258
2234.619140625	81.4861324318305	-15.471535846422
2274.169921875	81.5244644612017	-18.3801609858593
2313.720703125	81.6834115487591	-21.1341875935381
2354.736328125	81.5308549555955	-24.7167047979309
2395.751953125	81.2302952447933	-28.3455582871398
2438.232421875	80.601092035475	-29.4130073741829
2480.712890625	80.3586550313719	-28.9523835177423
2523.92578125	79.9292968222097	-28.9566950700622
2568.603515625	79.7330067633082	-26.9826003617094
2613.28125	79.6894506438343	-26.087020064694
2659.423828125	79.7768281950547	-24.5497433936826
2706.298828125	79.8345419678096	-25.567786656266
2753.173828125	79.5470079721097	-24.2208097925006
2801.513671875	79.7938032749358	-20.737688249125
2850.5859375	80.400735824653	-20.1056180267087
2901.123046875	80.827210085918	-21.7912809179592
2951.66015625	81.1939269351092	-22.9189370811139
3003.662109375	81.7206811698812	-25.1612152570964
3056.396484375	82.1423183987906	-30.2114870267574
3109.86328125	82.1439153832005	-36.3800753522705
3164.0625	81.6426434237116	-41.3978471294876
3219.7265625	81.0795924265242	-43.7621326647146
3276.123046875	80.820121348958	-45.2418928832714
3333.251953125	80.5345476315042	-47.3647427945523
3391.845703125	79.9744353713355	-50.6495068707802
3451.171875	79.1927794186917	-51.8566269001577
3511.962890625	78.37096843364	-48.938044305422
3573.486328125	78.1410979375684	-44.639897156796
3635.7421875	78.3570325048757	-42.6357458120123
3699.462890625	78.5677543705205	-41.8931721271585
3764.6484375	78.6864611989907	-43.4036563296613
3830.56640625	78.6841143076691	-45.4886448951057
3897.94921875	78.4913623093043	-46.6074345712075
3966.064453125	78.1918254178573	-47.3226473074929
4035.64453125	77.8280973724364	-48.4486065592201
4105.95703125	77.5752793945184	-48.5670389905216
4177.734375	77.2464357895737	-48.6067060904022
4250.9765625	76.5564168517767	-46.842483695098
4325.68359375	76.1344726169593	-42.4022202696715
4401.123046875	76.2734705885997	-38.9984041565456
4478.759765625	76.4668350685264	-37.888786676145
4557.12890625	76.5161751277982	-35.6965145972869
4636.962890625	76.8108917620696	-32.4785703464463
4718.26171875	77.2813256521663	-30.5189693125859
4800.29296875	77.8161941345943	-29.8567404413524
4884.521484375	78.4185733463456	-30.7776759870161
4970.21484375	78.8615763697336	-34.0275155034339
5057.373046875	78.9429039413255	-37.8452494988281
5145.99609375	78.750096746409	-40.4574158754721
5236.083984375	78.51364834517	-41.3216380679649
5327.63671875	78.3009604593199	-41.1847080866774
5420.654296875	78.1773320658069	-39.5901881120098
5515.869140625	78.3392269725777	-37.0894225821844
5612.548828125	78.8422513709302	-34.9839028138167
5710.693359375	79.6550885961154	-35.3096849886855
5810.302734375	80.2553371991833	-38.7183724633449
5912.109375	80.6301090155882	-42.1576519850688
6016.11328125	81.0231594349011	-46.3109501951863
6120.849609375	81.1447639668983	-51.6845473535329
6228.515625	80.9714161078934	-56.0266245636646
6336.9140625	80.785225728418	-59.1348283820846
6448.2421875	80.5895323302389	-61.9482627308212
6561.03515625	80.4523055488222	-63.220442133787
6676.025390625	80.6832654459429	-65.6563705724165
6792.48046875	80.7001681072076	-70.9502372286462
6911.865234375	80.2820760507772	-75.9520454660543
7032.71484375	79.6690901297469	-79.2919407033787
7155.76171875	78.9726210149178	-80.6890437459934
7281.005859375	78.2918466194894	-79.6215882472262
7408.447265625	78.194700980265	-76.0562246163462
7538.0859375	78.6323592309027	-75.3781679494143
7669.921875	78.9878051790492	-76.7230127199066
7803.955078125	79.4884053817421	-80.4857946739193
7940.91796875	79.6088002726551	-87.3679134415489
8079.345703125	79.1312229758601	-94.3142151431411
8220.703125	78.16797930812	-97.6195155716687
8364.990234375	77.6039779115718	-96.0553041220236
8511.474609375	77.9022140186949	-96.6772142337566
8660.15625	78.0192928263823	-103.411470418337
8811.767578125	77.2021909470013	-111.065476846666
8965.576171875	75.8585901586084	-114.541223129843
9123.046875	74.5716502915949	-114.135499274402
9282.71484375	73.4795702745484	-111.142065836676
9444.580078125	72.7695965592255	-104.775114310262
9610.107421875	72.9521092864585	-98.4619369416199
9777.83203125	73.4754613144739	-96.8325657122832
9949.21875	73.8816134978249	-98.0184009397026
10123.53515625	73.9530704844982	-101.517817899242
10300.78125	73.5843708564667	-103.372025574512
10480.95703125	73.411214730595	-103.54388052538
10664.0625	73.3374221281474	-104.388585200097
10850.830078125	73.356862990576	-105.749593423241
11040.52734375	73.1966668059873	-108.861206392406
11233.154296875	72.7098227917592	-110.300869021781
11430.17578125	72.4400752800269	-109.710477552908
11630.126953125	72.7345702348535	-109.590573133707
11833.740234375	73.2008475194035	-114.729745105086
12040.283203125	72.8039435269676	-123.301963458296
12251.220703125	71.5553948040157	-130.448083892334
12465.087890625	69.6035325062789	-130.943506204708
12683.349609375	68.4321166761031	-122.468504172116
12905.2734375	68.6155868253948	-116.74645606688
13130.859375	68.3368544251803	-116.681220450291
13360.83984375	67.3845401058915	-111.387073592642
13594.482421875	67.9241381531412	-98.9593969354866
13831.787109375	70.1309176311037	-92.9128861541574
14074.21875	72.1213167338994	-98.3565730465052
14320.3125	73.4233956053258	-108.781705583563
14570.80078125	74.1052275723454	-121.988996584355
14825.68359375	73.995545697073	-135.463299995977
15084.9609375	73.3463004442516	-148.951750698154
15348.6328125	72.2737842054826	-160.698537869364
15617.431640625	71.1247887411978	-169.835377489862
15889.892578125	69.9005412397371	179.03448900799
16168.212890625	67.7286148960392	167.77875259395
16450.927734375	64.9826730103069	161.467250622902
16738.76953125	62.2147117548207	161.143915908959
17031.73828125	59.5909093360036	164.997601562972
17329.1015625	57.4385048291584	172.948042773878
17632.32421875	55.9354332121527	-178.749713113196
17940.673828125	54.497526386713	-172.070230553936
18254.150390625	53.1887960779209	-161.505285658347
18573.486328125	52.658911244545	-155.545261547227
18898.681640625	50.635412506757	-150.22023526601
19229.00390625	49.3687675342479	-127.838896854368
19565.185546875	50.9264530450178	-109.784441890274
19907.2265625	52.3699132138814	-106.017323599777
20255.859375	53.2847280862537	-105.063145885149
20609.619140625	53.8800156389301	-107.959358010777
20969.970703125	53.6191011098932	-110.698226275978
21336.9140625	53.2018466269715	-110.990942979909
21709.716796875	52.8903022868267	-112.136881604274
22089.84375	51.9317324888919	-113.461412444691
22475.830078125	50.7618146602505	-110.231586442569
22869.140625	49.5818246964308	-103.153083615704
23269.04296875	49.1173001008937	-92.5128302394618
23675.537109375	48.8327082852888	-81.760633578679
24089.35546875	50.3132556760636	-67.8251878972667
24511.23046875	52.6496194068646	-69.781658191695
24939.697265625	53.0914025705931	-77.4239412593391
25375.48828125	53.1337996712402	-79.3460614149441
25819.3359375	53.5583431571743	-84.0993013139719
26270.5078125	53.0442029757571	-92.7915746738429
26730.46875	51.9207922600103	-94.2554091260213
27197.75390625	51.6863553934659	-94.8520807975375
27673.095703125	51.1367623833978	-103.024198000332
28157.2265625	49.1565191596267	-109.027995816361
28649.4140625	46.8221607821985	-109.228575646626
29150.390625	44.8726455838625	-108.073681870522
29660.15625	41.2192268276083	-53.5454708239462
30178.7109375	36.2570391121435	-169.105372247955
30706.0546875	36.1670014332718	-27.8446772856236
31242.919921875	40.8677190617904	-3.56446083057729
31789.306640625	43.6029763618738	-8.90738969801128
32345.21484375	43.4003763060098	-4.4992265673866
32910.64453125	43.8523470031578	13.1709290995011
33486.328125	46.4279777181018	28.3957266275505
34071.533203125	50.0838098578547	32.916026497789
34666.9921875	54.2732821856976	26.7943417254286
35273.4375	56.891750425605	-0.241067123716458
35890.13671875	55.3621804027371	-27.9196789310526
36517.822265625	51.7154785348441	-30.1514423227356
37156.494140625	51.3915644599781	-15.7046675664045
37806.15234375	52.796651181167	-17.1889162821114
38466.796875	52.4095304339423	-23.9934592294892
39139.16015625	51.2539084776204	-26.7189788867727
39823.974609375	50.3650118490204	-21.8523743622022
40519.775390625	50.4726721689752	-16.4936546698372
41228.02734375	50.4747996743609	-14.6299648870648
41949.462890625	50.4747996743607	-12.7315193761839
42682.6171875	50.4747996743607	-10.9780469154856
43428.955078125	50.4747996743601	-9.31187689979472];

Data_Format = 'LeveldB_Phase';
Data_Domain = 'Frequency';
Data_AbscUnit = 'Hz';
Data_BaseUnit = 'V';
Data_xScale = 1;
Data_vScale = 1;
